#
1
1065
307477;13.07.2021;10:36:00;64;1;114468;;;;27200.09;0.00;0.00;9;416;;;000000000001;;;;;;;;;1/19432/203;;;;;;;;;;;;;;;;;;
307478;13.07.2021;10:36:01;64;1;114469;;;;0.00;481583.72;0.00;9;416;;;000000000002;;;;;;;;;0/6832/427;;;;;;;;;;;;;;;;;;
307479;13.07.2021;10:36:01;42;1;114470;;;;;;;0;416;;;000000000002;;;;;;0000000001;;;1/416/114470;;;;;;;;;;;;;;;;;;
307480;13.07.2021;10:36:01;11;1;114470;;101925;;29.50;1.000;30.00;0;416;29.00;29.00;000000000001;;40822426;29.50;;;0000000001;;;1/416/114470;;;;;;0;;;;;;;;;;;;
307481;13.07.2021;10:36:01;14;1;114470;;101925;;000000000002;000000000002;0.00;0;416;29.00;29.00;000000000001;;40822426;29.50;;;0000000001;;;1/416/114470;;;;;;;;;;;;;;;;;;
307482;13.07.2021;10:36:01;16;1;114470;;101925;;;1.000;0.00;0;416;29.00;29.00;000000000001;;40822426;;;;0000000001;;;1/416/114470;;;;;;;;;;;;;;;;;;
307483;13.07.2021;10:36:26;40;1;114470;;;0000000001;0;100.00;100.00;0;416;;;0;;;0;;;0000000001;;;1/416/114470;;;;;;;;;;;;;;;;;;
307484;13.07.2021;10:36:26;43;1;114470;;;0000000001;0;29.00;29.00;0;416;;;000000000001;;;;;;0000000001;;;1/19432/203;;;;;;;;;;;;;;;;;;
307485;13.07.2021;10:36:26;40;1;114470;;;0000000001;0;-71.00;-71.00;0;416;;;;;;;;;0000000001;;;1/416/114470;;;;;;;;;;;;;;;;;;
307486;13.07.2021;10:36:26;49;1;114470;;;;;;29.00;0;416;;;000000000001;;;;;;0000000001;;;1/19432/203;;;;;;;;;;;;;;;;;;
307487;13.07.2021;10:36:26;45;1;114470;;;;;;29.00;0;416;;;000000000001;;;;0002699472008412;9280440301267847;0000000001;14506;2603012908;1/19432/203;;;;;;;;;;;;;;;;;;13.07.2021 10:40:00
307488;13.07.2021;10:36:26;55;1;114470;;;;;1.000;29.00;0;416;;;000000000002;;;;;;0000000001;;;1/416/114470;;;;;;;;;;;;;;;;;;
307489;13.07.2021;10:56:11;42;1;114471;;;;;;;0;416;;;000000000002;;;;;;0000000001;;;1/416/114471;;;;;;;;;;;;;;;;;;
307490;13.07.2021;10:56:16;11;1;114471;;117994;;115.00;1.000;115.00;0;416;115.00;115.00;000000000002;;4606203103423;115.00;;;0000000001;;;1/416/114471;;;;;;4;04606203103423xq!3TARAB"8Syjf;;;;;;;;;;;
307491;13.07.2021;10:56:16;14;1;114471;;117994;;000000000002;000000000002;0.00;0;416;115.00;115.00;000000000002;;4606203103423;115.00;;;0000000001;;;1/416/114471;;;;;;;;;;;;;;;;;;
307492;13.07.2021;10:56:16;16;1;114471;;117994;;;1.000;0.00;0;416;115.00;115.00;000000000002;;4606203103423;;;;0000000001;;;1/416/114471;;;;;;;04606203103423xq!3TARAB"8Syjf;;;;;;;;;;;
307493;13.07.2021;10:56:25;41;1;114471;;;0000000002;1;115.00;115.00;0;416;;;0;;;0;;;0000000001;;;1/416/114471;;;;;;;;;;;;;;;;;;
307494;13.07.2021;10:56:25;43;1;114471;;;0000000002;1;115.00;115.00;0;416;;;000000000002;;;;;;0000000001;;;0/6832/427;;;;;;;;;;;;;;;;;;
307495;13.07.2021;10:56:25;49;1;114471;;;;;;115.00;0;416;;;000000000002;;;;;;0000000001;;;0/6832/427;;;;;;;;;;;;;;;;;;
307496;13.07.2021;10:56:25;45;1;114471;;;;;;115.00;0;416;;;000000000002;;;;0004848306027616;9280440300913275;0000000001;6833;2800971401;0/6832/427;;;;;;;;;;;;;;;;;;13.07.2021 10:58:00
307497;13.07.2021;10:56:25;55;1;114471;;;;;1.000;115.00;0;416;;;000000000002;;;;;;0000000001;;;1/416/114471;;;;;;;;;;;;;;;;;;
307498;13.07.2021;10:57:09;42;1;114472;;;;;;;0;416;;;000000000002;;;;;;0000000001;;;1/416/114472;;;;;;;;;;;;;;;;;;
307499;13.07.2021;10:57:12;11;1;114472;;117850;;195.00;1.000;195.00;0;416;195.00;195.00;000000000002;;4606203098385;195.00;;;0000000001;;;1/416/114472;;;;;;4;04606203098385&rajh94ADD8nfI3;;;;;;;;;;;
307500;13.07.2021;10:57:12;14;1;114472;;117850;;000000000002;000000000002;0.00;0;416;195.00;195.00;000000000002;;4606203098385;195.00;;;0000000001;;;1/416/114472;;;;;;;;;;;;;;;;;;
307501;13.07.2021;10:57:12;16;1;114472;;117850;;;1.000;0.00;0;416;195.00;195.00;000000000002;;4606203098385;;;;0000000001;;;1/416/114472;;;;;;;04606203098385&rajh94ADD8nfI3;;;;;;;;;;;
307502;13.07.2021;10:57:21;41;1;114472;;;0000000002;1;195.00;195.00;0;416;;;0;;;0;;;0000000001;;;1/416/114472;;;;;;;;;;;;;;;;;;
307503;13.07.2021;10:57:21;43;1;114472;;;0000000002;1;195.00;195.00;0;416;;;000000000002;;;;;;0000000001;;;1/6833/427;;;;;;;;;;;;;;;;;;
307504;13.07.2021;10:57:21;49;1;114472;;;;;;195.00;0;416;;;000000000002;;;;;;0000000001;;;1/6833/427;;;;;;;;;;;;;;;;;;
307505;13.07.2021;10:57:21;45;1;114472;;;;;;195.00;0;416;;;000000000002;;;;0004848306027616;9280440300913275;0000000001;6834;3827133280;1/6833/427;;;;;;;;;;;;;;;;;;13.07.2021 10:59:00
307506;13.07.2021;10:57:21;55;1;114472;;;;;1.000;195.00;0;416;;;000000000002;;;;;;0000000001;;;1/416/114472;;;;;;;;;;;;;;;;;;
307507;13.07.2021;13:53:57;42;1;114473;;;;;;;0;416;;;000000000002;;;;;;0000000001;;;1/416/114473;;;;;;;;;;;;;;;;;;
307508;13.07.2021;13:53:57;11;1;114473;;106884;;7.50;1.000;7.55;0;416;7.45;7.45;000000000001;;2200000004819;7.50;;;0000000001;;;1/416/114473;;;;;;0;;;;;;;;;;;;
307509;13.07.2021;13:53:57;14;1;114473;;106884;;000000000002;000000000002;0.00;0;416;7.45;7.45;000000000001;;2200000004819;7.50;;;0000000001;;;1/416/114473;;;;;;;;;;;;;;;;;;
307510;13.07.2021;13:53:57;16;1;114473;;106884;;;1.000;0.00;0;416;7.45;7.45;000000000001;;2200000004819;;;;0000000001;;;1/416/114473;;;;;;;;;;;;;;;;;;
307511;13.07.2021;13:53:58;11;1;114473;;117968;;65.00;1.000;65.45;0;416;64.55;64.55;000000000001;;2200000006165;65.00;;;0000000001;;;1/416/114473;;;;;;0;;;;;;;;;;;;
307512;13.07.2021;13:53:58;14;1;114473;;117968;;000000000002;000000000002;0.00;0;416;64.55;64.55;000000000001;;2200000006165;65.00;;;0000000001;;;1/416/114473;;;;;;;;;;;;;;;;;;
307513;13.07.2021;13:53:58;16;1;114473;;117968;;;1.000;0.00;0;416;64.55;64.55;000000000001;;2200000006165;;;;0000000001;;;1/416/114473;;;;;;;;;;;;;;;;;;
307514;13.07.2021;13:56:45;41;1;114473;;;0000000002;1;72.00;72.00;0;416;;;0;;;0;;;0000000001;;;1/416/114473;;;;;;;;;;;;;;;;;;
307515;13.07.2021;13:56:45;43;1;114473;;;0000000002;1;72.00;72.00;0;416;;;000000000001;;;;;;0000000001;;;2/19433/203;;;;;;;;;;;;;;;;;;
307516;13.07.2021;13:56:45;49;1;114473;;;;;;72.00;0;416;;;000000000001;;;;;;0000000001;;;2/19433/203;;;;;;;;;;;;;;;;;;
307517;13.07.2021;13:56:45;45;1;114473;;;;;;72.00;0;416;;;000000000001;;;;0002699472008412;9280440301267847;0000000001;14507;4047310889;2/19433/203;;;;;;;;;;;;;;;;;;13.07.2021 14:00:00
307518;13.07.2021;13:56:45;55;1;114473;;;;;2.000;72.00;0;416;;;000000000002;;;;;;0000000001;;;1/416/114473;;;;;;;;;;;;;;;;;;
307519;13.07.2021;14:12:01;42;1;114474;;;;;;;0;416;;;000000000002;;;;;;0000000001;;;1/416/114474;;;;;;;;;;;;;;;;;;
307520;13.07.2021;14:12:01;11;1;114474;;106884;;7.50;1.000;7.58;0;416;7.42;7.42;000000000001;;2200000004819;7.50;;;0000000001;;;1/416/114474;;;;;;0;;;;;;;;;;;;
307521;13.07.2021;14:12:01;14;1;114474;;106884;;000000000002;000000000002;0.00;0;416;7.42;7.42;000000000001;;2200000004819;7.50;;;0000000001;;;1/416/114474;;;;;;;;;;;;;;;;;;
307522;13.07.2021;14:12:01;16;1;114474;;106884;;;1.000;0.00;0;416;7.42;7.42;000000000001;;2200000004819;;;;0000000001;;;1/416/114474;;;;;;;;;;;;;;;;;;
307523;13.07.2021;14:12:05;11;1;114474;;277;;39.00;1.000;39.42;0;416;38.58;38.58;000000000001;;2200000006226;39.00;;;0000000001;;;1/416/114474;;;;;;0;;;;;;;;;;;;
307524;13.07.2021;14:12:05;14;1;114474;;277;;000000000002;000000000002;0.00;0;416;38.58;38.58;000000000001;;2200000006226;39.00;;;0000000001;;;1/416/114474;;;;;;;;;;;;;;;;;;
307525;13.07.2021;14:12:05;16;1;114474;;277;;;1.000;0.00;0;416;38.58;38.58;000000000001;;2200000006226;;;;0000000001;;;1/416/114474;;;;;;;;;;;;;;;;;;
307526;13.07.2021;14:12:32;41;1;114474;;;0000000002;1;46.00;46.00;0;416;;;0;;;0;;;0000000001;;;1/416/114474;;;;;;;;;;;;;;;;;;
307527;13.07.2021;14:12:32;43;1;114474;;;0000000002;1;46.00;46.00;0;416;;;000000000001;;;;;;0000000001;;;3/19434/203;;;;;;;;;;;;;;;;;;
307528;13.07.2021;14:12:32;49;1;114474;;;;;;46.00;0;416;;;000000000001;;;;;;0000000001;;;3/19434/203;;;;;;;;;;;;;;;;;;
307529;13.07.2021;14:12:32;45;1;114474;;;;;;46.00;0;416;;;000000000001;;;;0002699472008412;9280440301267847;0000000001;14508;2139989668;3/19434/203;;;;;;;;;;;;;;;;;;13.07.2021 14:16:00
307530;13.07.2021;14:12:32;55;1;114474;;;;;2.000;46.00;0;416;;;000000000002;;;;;;0000000001;;;1/416/114474;;;;;;;;;;;;;;;;;;
307531;13.07.2021;14:13:38;42;1;114475;;;;;;;0;416;;;000000000002;;;;;;0000000001;;;1/416/114475;;;;;;;;;;;;;;;;;;
307532;13.07.2021;14:13:38;11;1;114475;;277;;39.00;1.000;39.42;0;416;38.58;38.58;000000000001;;2200000006226;39.00;;;0000000001;;;1/416/114475;;;;;;0;;;;;;;;;;;;
307533;13.07.2021;14:13:38;14;1;114475;;277;;000000000002;000000000002;0.00;0;416;38.58;38.58;000000000001;;2200000006226;39.00;;;0000000001;;;1/416/114475;;;;;;;;;;;;;;;;;;
307534;13.07.2021;14:13:38;16;1;114475;;277;;;1.000;0.00;0;416;38.58;38.58;000000000001;;2200000006226;;;;0000000001;;;1/416/114475;;;;;;;;;;;;;;;;;;
307535;13.07.2021;14:13:42;11;1;114475;;106884;;7.50;1.000;7.58;0;416;7.42;7.42;000000000001;;2200000004819;7.50;;;0000000001;;;1/416/114475;;;;;;0;;;;;;;;;;;;
307536;13.07.2021;14:13:42;14;1;114475;;106884;;000000000002;000000000002;0.00;0;416;7.42;7.42;000000000001;;2200000004819;7.50;;;0000000001;;;1/416/114475;;;;;;;;;;;;;;;;;;
307537;13.07.2021;14:13:42;16;1;114475;;106884;;;1.000;0.00;0;416;7.42;7.42;000000000001;;2200000004819;;;;0000000001;;;1/416/114475;;;;;;;;;;;;;;;;;;
307538;13.07.2021;14:14:06;40;1;114475;;;0000000001;0;100.00;100.00;0;416;;;0;;;0;;;0000000001;;;1/416/114475;;;;;;;;;;;;;;;;;;
307539;13.07.2021;14:14:06;43;1;114475;;;0000000001;0;46.00;46.00;0;416;;;000000000001;;;;;;0000000001;;;4/19435/203;;;;;;;;;;;;;;;;;;
307540;13.07.2021;14:14:06;40;1;114475;;;0000000001;0;-54.00;-54.00;0;416;;;;;;;;;0000000001;;;1/416/114475;;;;;;;;;;;;;;;;;;
307541;13.07.2021;14:14:06;49;1;114475;;;;;;46.00;0;416;;;000000000001;;;;;;0000000001;;;4/19435/203;;;;;;;;;;;;;;;;;;
307542;13.07.2021;14:14:06;45;1;114475;;;;;;46.00;0;416;;;000000000001;;;;0002699472008412;9280440301267847;0000000001;14509;0595290188;4/19435/203;;;;;;;;;;;;;;;;;;13.07.2021 14:17:00
307543;13.07.2021;14:14:06;55;1;114475;;;;;2.000;46.00;0;416;;;000000000002;;;;;;0000000001;;;1/416/114475;;;;;;;;;;;;;;;;;;
307544;13.07.2021;14:33:42;42;1;114476;00006192;;;;;;0;416;;;000000000002;;;;;;0000000001;;;1/416/114476;;;;;;;;;;;;;;;;;;
307545;13.07.2021;14:33:42;11;1;114476;00006192;106884;;7.50;2.000;15.00;0;416;7.50;15.00;000000000001;;2200000004819;15.00;;;0000000001;;;1/416/114476;;;;;;0;;;;;;;;;;;;
307546;13.07.2021;14:33:42;14;1;114476;00006192;106884;;000000000002;000000000002;0.00;0;416;7.50;15.00;000000000001;;2200000004819;15.00;;;0000000001;;;1/416/114476;;;;;;;;;;;;;;;;;;
307547;13.07.2021;14:33:42;16;1;114476;00006192;106884;;;2.000;0.00;0;416;7.50;15.00;000000000001;;2200000004819;;;;0000000001;;;1/416/114476;;;;;;;;;;;;;;;;;;
307548;13.07.2021;14:33:44;11;1;114476;00006192;117322;;75.00;1.000;75.00;0;416;75.00;75.00;000000000001;;2200000006066;75.00;;;0000000001;;;1/416/114476;;;;;;0;;;;;;;;;;;;
307549;13.07.2021;14:33:44;14;1;114476;00006192;117322;;000000000002;000000000002;0.00;0;416;75.00;75.00;000000000001;;2200000006066;75.00;;;0000000001;;;1/416/114476;;;;;;;;;;;;;;;;;;
307550;13.07.2021;14:33:44;16;1;114476;00006192;117322;;;1.000;0.00;0;416;75.00;75.00;000000000001;;2200000006066;;;;0000000001;;;1/416/114476;;;;;;;;;;;;;;;;;;
307551;13.07.2021;14:33:45;11;1;114476;00006192;117324;;71.00;1.000;71.00;0;416;71.00;71.00;000000000001;;2200000006103;71.00;;;0000000001;;;1/416/114476;;;;;;0;;;;;;;;;;;;
307552;13.07.2021;14:33:45;14;1;114476;00006192;117324;;000000000002;000000000002;0.00;0;416;71.00;71.00;000000000001;;2200000006103;71.00;;;0000000001;;;1/416/114476;;;;;;;;;;;;;;;;;;
307553;13.07.2021;14:33:45;16;1;114476;00006192;117324;;;1.000;0.00;0;416;71.00;71.00;000000000001;;2200000006103;;;;0000000001;;;1/416/114476;;;;;;;;;;;;;;;;;;
307554;13.07.2021;14:34:20;41;1;114476;00006192;;0000000002;1;161.00;161.00;0;416;;;0;;;0;;;0000000001;;;1/416/114476;;;;;;;;;;;;;;;;;;
307555;13.07.2021;14:34:20;43;1;114476;00006192;;0000000002;1;161.00;161.00;0;416;;;000000000001;;;;;;0000000001;;;5/19436/203;;;;;;;;;;;;;;;;;;
307557;13.07.2021;14:34:20;45;1;114476;00006192;;;;;161.00;0;416;;;000000000001;;;;0002699472008412;9280440301267847;0000000001;14510;1526692530;5/19436/203;;;;;;;;;;;;;;;;;;13.07.2021 14:38:00
307477;13.07.2021;10:36:00;64;1;114468;;;;27200.09;0.00;0.00;9;416;;;000000000001;;;;;;;;;1/19432/203;;;;;;;;;;;;;;;;;;
307489;13.07.2021;10:56:11;42;1;114471;;;;;;;0;416;;;000000000002;;;;;;0000000001;;;1/416/114471;;;;;;;;;;;;;;;;;;
307491;13.07.2021;10:56:16;14;1;114471;;117994;;000000000002;000000000002;0.00;0;416;115.00;115.00;000000000002;;4606203103423;115.00;;;0000000001;;;1/416/114471;;;;;;;;;;;;;;;;;;
307493;13.07.2021;10:56:25;41;1;114471;;;0000000002;1;115.00;115.00;0;416;;;0;;;0;;;0000000001;;;1/416/114471;;;;;;;;;;;;;;;;;;
307495;13.07.2021;10:56:25;49;1;114471;;;;;;115.00;0;416;;;000000000002;;;;;;0000000001;;;0/6832/427;;;;;;;;;;;;;;;;;;
307497;13.07.2021;10:56:25;55;1;114471;;;;;1.000;115.00;0;416;;;000000000002;;;;;;0000000001;;;1/416/114471;;;;;;;;;;;;;;;;;;
307508;13.07.2021;13:53:57;11;1;114473;;106884;;7.50;1.000;7.55;0;416;7.45;7.45;000000000001;;2200000004819;7.50;;;0000000001;;;1/416/114473;;;;;;0;;;;;;;;;;;;
307510;13.07.2021;13:53:57;16;1;114473;;106884;;;1.000;0.00;0;416;7.45;7.45;000000000001;;2200000004819;;;;0000000001;;;1/416/114473;;;;;;;;;;;;;;;;;;
307512;13.07.2021;13:53:58;14;1;114473;;117968;;000000000002;000000000002;0.00;0;416;64.55;64.55;000000000001;;2200000006165;65.00;;;0000000001;;;1/416/114473;;;;;;;;;;;;;;;;;;
307514;13.07.2021;13:56:45;41;1;114473;;;0000000002;1;72.00;72.00;0;416;;;0;;;0;;;0000000001;;;1/416/114473;;;;;;;;;;;;;;;;;;
307516;13.07.2021;13:56:45;49;1;114473;;;;;;72.00;0;416;;;000000000001;;;;;;0000000001;;;2/19433/203;;;;;;;;;;;;;;;;;;
307518;13.07.2021;13:56:45;55;1;114473;;;;;2.000;72.00;0;416;;;000000000002;;;;;;0000000001;;;1/416/114473;;;;;;;;;;;;;;;;;;
307532;13.07.2021;14:13:38;11;1;114475;;277;;39.00;1.000;39.42;0;416;38.58;38.58;000000000001;;2200000006226;39.00;;;0000000001;;;1/416/114475;;;;;;0;;;;;;;;;;;;
307534;13.07.2021;14:13:38;16;1;114475;;277;;;1.000;0.00;0;416;38.58;38.58;000000000001;;2200000006226;;;;0000000001;;;1/416/114475;;;;;;;;;;;;;;;;;;
307536;13.07.2021;14:13:42;14;1;114475;;106884;;000000000002;000000000002;0.00;0;416;7.42;7.42;000000000001;;2200000004819;7.50;;;0000000001;;;1/416/114475;;;;;;;;;;;;;;;;;;
307538;13.07.2021;14:14:06;40;1;114475;;;0000000001;0;100.00;100.00;0;416;;;0;;;0;;;0000000001;;;1/416/114475;;;;;;;;;;;;;;;;;;
307540;13.07.2021;14:14:06;40;1;114475;;;0000000001;0;-54.00;-54.00;0;416;;;;;;;;;0000000001;;;1/416/114475;;;;;;;;;;;;;;;;;;
307542;13.07.2021;14:14:06;45;1;114475;;;;;;46.00;0;416;;;000000000001;;;;0002699472008412;9280440301267847;0000000001;14509;0595290188;4/19435/203;;;;;;;;;;;;;;;;;;13.07.2021 14:17:00
307559;13.07.2021;15:43:06;42;1;114477;00006192;;;;;;0;416;;;000000000002;;;;;;0000000001;;;1/416/114477;;;;;;;;;;;;;;;;;;
307561;13.07.2021;15:43:06;14;1;114477;00006192;106884;;000000000002;000000000002;0.00;0;416;7.45;7.45;000000000001;;2200000004819;7.50;;;0000000001;;;1/416/114477;;;;;;;;;;;;;;;;;;
307563;13.07.2021;15:43:06;11;1;114477;00006192;117968;;65.00;1.000;65.45;0;416;64.55;64.55;000000000001;;2200000006165;65.00;;;0000000001;;;1/416/114477;;;;;;0;;;;;;;;;;;;
307565;13.07.2021;15:43:06;16;1;114477;00006192;117968;;;1.000;0.00;0;416;64.55;64.55;000000000001;;2200000006165;;;;0000000001;;;1/416/114477;;;;;;;;;;;;;;;;;;
307567;13.07.2021;15:43:16;43;1;114477;00006192;;0000000002;1;72.00;72.00;0;416;;;000000000001;;;;;;0000000001;;;6/19437/203;;;;;;;;;;;;;;;;;;
307569;13.07.2021;15:43:16;45;1;114477;00006192;;;;;72.00;0;416;;;000000000001;;;;0002699472008412;9280440301267847;0000000001;14511;0674369443;6/19437/203;;;;;;;;;;;;;;;;;;13.07.2021 15:46:00
307587;13.07.2021;16:46:25;42;1;114479;00006192;;;;;;0;416;;;000000000002;;;;;;0000000001;;;1/416/114479;;;;;;;;;;;;;;;;;;
307589;13.07.2021;16:46:25;14;1;114479;00006192;277;;000000000002;000000000002;0.00;0;416;38.86;116.58;000000000001;;2200000006226;117.00;;;0000000001;;;1/416/114479;;;;;;;;;;;;;;;;;;
307591;13.07.2021;16:46:29;11;1;114479;00006192;106884;;7.50;3.000;22.58;0;416;7.47;22.42;000000000001;;2200000004819;22.50;;;0000000001;;;1/416/114479;;;;;;0;;;;;;;;;;;;
307593;13.07.2021;16:46:29;16;1;114479;00006192;106884;;;1.000;0.00;0;416;7.48;7.48;000000000001;;2200000004819;;;;0000000001;;;1/416/114479;;;;;;;;;;;;;;;;;;
307595;13.07.2021;16:46:42;41;1;114479;00006192;;0000000002;1;139.00;139.00;0;416;;;0;;;0;;;0000000001;;;1/416/114479;;;;;;;;;;;;;;;;;;
307597;13.07.2021;16:46:42;49;1;114479;00006192;;;;;139.00;0;416;;;000000000001;;;;;;0000000001;;;8/19440/203;;;;;;;;;;;;;;;;;;
307599;13.07.2021;16:46:42;55;1;114479;00006192;;;;6.000;139.00;0;416;;;000000000002;;;;;;0000000001;;;1/416/114479;;;;;;;;;;;;;;;;;;
307614;13.07.2021;16:55:17;11;1;114481;00006192;106884;;7.50;2.000;15.00;0;416;7.50;15.00;000000000001;;2200000004819;15.00;;;0000000001;;;1/416/114481;;;;;;0;;;;;;;;;;;;
307616;13.07.2021;16:55:17;16;1;114481;00006192;106884;;;2.000;0.00;0;416;7.50;15.00;000000000001;;2200000004819;;;;0000000001;;;1/416/114481;;;;;;;;;;;;;;;;;;
307618;13.07.2021;16:55:20;14;1;114481;00006192;117968;;000000000002;000000000002;0.00;0;416;65.00;130.00;000000000001;;2200000006165;130.00;;;0000000001;;;1/416/114481;;;;;;;;;;;;;;;;;;
307620;13.07.2021;16:55:56;40;1;114481;00006192;;0000000001;0;145.00;145.00;0;416;;;0;;;0;;;0000000001;;;1/416/114481;;;;;;;;;;;;;;;;;;
307621;13.07.2021;16:55:56;43;1;114481;00006192;;0000000001;0;145.00;145.00;0;416;;;000000000001;;;;;;0000000001;;;10/19442/203;;;;;;;;;;;;;;;;;;
307622;13.07.2021;16:55:56;49;1;114481;00006192;;;;;145.00;0;416;;;000000000001;;;;;;0000000001;;;10/19442/203;;;;;;;;;;;;;;;;;;
307623;13.07.2021;16:55:56;45;1;114481;00006192;;;;;145.00;0;416;;;000000000001;;;;0002699472008412;9280440301267847;0000000001;14515;0178938255;10/19442/203;;;;;;;;;;;;;;;;;;13.07.2021 16:59:00
307624;13.07.2021;16:55:56;55;1;114481;00006192;;;;4.000;145.00;0;416;;;000000000002;;;;;;0000000001;;;1/416/114481;;;;;;;;;;;;;;;;;;
307625;13.07.2021;17:05:21;42;1;114482;00006192;;;;;;0;416;;;000000000002;;;;;;0000000001;;;1/416/114482;;;;;;;;;;;;;;;;;;
307626;13.07.2021;17:05:22;11;1;114482;00006192;106884;;7.50;2.000;15.00;0;416;7.50;15.00;000000000001;;2200000004819;15.00;;;0000000001;;;1/416/114482;;;;;;0;;;;;;;;;;;;
307627;13.07.2021;17:05:22;14;1;114482;00006192;106884;;000000000002;000000000002;0.00;0;416;7.50;15.00;000000000001;;2200000004819;15.00;;;0000000001;;;1/416/114482;;;;;;;;;;;;;;;;;;
307628;13.07.2021;17:05:22;16;1;114482;00006192;106884;;;2.000;0.00;0;416;7.50;15.00;000000000001;;2200000004819;;;;0000000001;;;1/416/114482;;;;;;;;;;;;;;;;;;
307629;13.07.2021;17:05:22;11;1;114482;00006192;117968;;65.00;2.000;130.00;0;416;65.00;130.00;000000000001;;2200000006165;130.00;;;0000000001;;;1/416/114482;;;;;;0;;;;;;;;;;;;
307630;13.07.2021;17:05:22;14;1;114482;00006192;117968;;000000000002;000000000002;0.00;0;416;65.00;130.00;000000000001;;2200000006165;130.00;;;0000000001;;;1/416/114482;;;;;;;;;;;;;;;;;;
307631;13.07.2021;17:05:22;16;1;114482;00006192;117968;;;2.000;0.00;0;416;65.00;130.00;000000000001;;2200000006165;;;;0000000001;;;1/416/114482;;;;;;;;;;;;;;;;;;
307632;13.07.2021;17:05:41;40;1;114482;00006192;;0000000001;0;1000.00;1000.00;0;416;;;0;;;0;;;0000000001;;;1/416/114482;;;;;;;;;;;;;;;;;;
307633;13.07.2021;17:05:41;43;1;114482;00006192;;0000000001;0;145.00;145.00;0;416;;;000000000001;;;;;;0000000001;;;11/19443/203;;;;;;;;;;;;;;;;;;
307634;13.07.2021;17:05:41;40;1;114482;00006192;;0000000001;0;-855.00;-855.00;0;416;;;;;;;;;0000000001;;;1/416/114482;;;;;;;;;;;;;;;;;;
307635;13.07.2021;17:05:41;49;1;114482;00006192;;;;;145.00;0;416;;;000000000001;;;;;;0000000001;;;11/19443/203;;;;;;;;;;;;;;;;;;
307636;13.07.2021;17:05:41;45;1;114482;00006192;;;;;145.00;0;416;;;000000000001;;;;0002699472008412;9280440301267847;0000000001;14516;1171120104;11/19443/203;;;;;;;;;;;;;;;;;;13.07.2021 17:09:00
307637;13.07.2021;17:05:41;55;1;114482;00006192;;;;4.000;145.00;0;416;;;000000000002;;;;;;0000000001;;;1/416/114482;;;;;;;;;;;;;;;;;;
307638;13.07.2021;17:09:35;42;1;114483;00006192;;;;;;0;416;;;000000000002;;;;;;0000000001;;;1/416/114483;;;;;;;;;;;;;;;;;;
307639;13.07.2021;17:09:35;11;1;114483;00006192;105638;;4.00;1.000;4.00;0;416;4.00;4.00;000000000001;;2200000003379;4.00;;;0000000001;;;1/416/114483;;;;;;0;;;;;;;;;;;;
307640;13.07.2021;17:09:35;14;1;114483;00006192;105638;;000000000002;000000000002;0.00;0;416;4.00;4.00;000000000001;;2200000003379;4.00;;;0000000001;;;1/416/114483;;;;;;;;;;;;;;;;;;
307641;13.07.2021;17:09:35;16;1;114483;00006192;105638;;;1.000;0.00;0;416;4.00;4.00;000000000001;;2200000003379;;;;0000000001;;;1/416/114483;;;;;;;;;;;;;;;;;;
307642;13.07.2021;17:09:39;40;1;114483;00006192;;0000000001;0;5.00;5.00;0;416;;;0;;;0;;;0000000001;;;1/416/114483;;;;;;;;;;;;;;;;;;
307643;13.07.2021;17:09:39;43;1;114483;00006192;;0000000001;0;4.00;4.00;0;416;;;000000000001;;;;;;0000000001;;;12/19444/203;;;;;;;;;;;;;;;;;;
307644;13.07.2021;17:09:39;40;1;114483;00006192;;0000000001;0;-1.00;-1.00;0;416;;;;;;;;;0000000001;;;1/416/114483;;;;;;;;;;;;;;;;;;
307645;13.07.2021;17:09:39;49;1;114483;00006192;;;;;4.00;0;416;;;000000000001;;;;;;0000000001;;;12/19444/203;;;;;;;;;;;;;;;;;;
307646;13.07.2021;17:09:39;45;1;114483;00006192;;;;;4.00;0;416;;;000000000001;;;;0002699472008412;9280440301267847;0000000001;14517;0469447805;12/19444/203;;;;;;;;;;;;;;;;;;13.07.2021 17:13:00
307647;13.07.2021;17:09:39;55;1;114483;00006192;;;;1.000;4.00;0;416;;;000000000002;;;;;;0000000001;;;1/416/114483;;;;;;;;;;;;;;;;;;
307648;13.07.2021;17:30:20;42;1;114484;00006192;;;;;;0;416;;;000000000002;;;;;;0000000001;;;1/416/114484;;;;;;;;;;;;;;;;;;
307649;13.07.2021;17:30:20;11;1;114484;00006192;106884;;7.50;1.000;7.55;0;416;7.45;7.45;000000000001;;2200000004819;7.50;;;0000000001;;;1/416/114484;;;;;;0;;;;;;;;;;;;
307650;13.07.2021;17:30:20;14;1;114484;00006192;106884;;000000000002;000000000002;0.00;0;416;7.45;7.45;000000000001;;2200000004819;7.50;;;0000000001;;;1/416/114484;;;;;;;;;;;;;;;;;;
307651;13.07.2021;17:30:20;16;1;114484;00006192;106884;;;1.000;0.00;0;416;7.45;7.45;000000000001;;2200000004819;;;;0000000001;;;1/416/114484;;;;;;;;;;;;;;;;;;
307652;13.07.2021;17:30:21;11;1;114484;00006192;117324;;71.00;1.000;71.45;0;416;70.55;70.55;000000000001;;2200000006103;71.00;;;0000000001;;;1/416/114484;;;;;;0;;;;;;;;;;;;
307653;13.07.2021;17:30:21;14;1;114484;00006192;117324;;000000000002;000000000002;0.00;0;416;70.55;70.55;000000000001;;2200000006103;71.00;;;0000000001;;;1/416/114484;;;;;;;;;;;;;;;;;;
307654;13.07.2021;17:30:21;16;1;114484;00006192;117324;;;1.000;0.00;0;416;70.55;70.55;000000000001;;2200000006103;;;;0000000001;;;1/416/114484;;;;;;;;;;;;;;;;;;
307655;13.07.2021;17:30:49;40;1;114484;00006192;;0000000001;0;100.00;100.00;0;416;;;0;;;0;;;0000000001;;;1/416/114484;;;;;;;;;;;;;;;;;;
307656;13.07.2021;17:30:49;43;1;114484;00006192;;0000000001;0;78.00;78.00;0;416;;;000000000001;;;;;;0000000001;;;13/19445/203;;;;;;;;;;;;;;;;;;
307657;13.07.2021;17:30:49;40;1;114484;00006192;;0000000001;0;-22.00;-22.00;0;416;;;;;;;;;0000000001;;;1/416/114484;;;;;;;;;;;;;;;;;;
307658;13.07.2021;17:30:49;49;1;114484;00006192;;;;;78.00;0;416;;;000000000001;;;;;;0000000001;;;13/19445/203;;;;;;;;;;;;;;;;;;
307659;13.07.2021;17:30:49;45;1;114484;00006192;;;;;78.00;0;416;;;000000000001;;;;0002699472008412;9280440301267847;0000000001;14518;3264618105;13/19445/203;;;;;;;;;;;;;;;;;;13.07.2021 17:34:00
307660;13.07.2021;17:30:49;55;1;114484;00006192;;;;2.000;78.00;0;416;;;000000000002;;;;;;0000000001;;;1/416/114484;;;;;;;;;;;;;;;;;;
307661;13.07.2021;17:31:43;42;1;114485;00006192;;;;;;0;416;;;000000000002;;;;;;0000000001;;;1/416/114485;;;;;;;;;;;;;;;;;;
307662;13.07.2021;17:31:43;11;1;114485;00006192;117324;;71.00;1.000;71.00;0;416;71.00;71.00;000000000001;;2200000006103;71.00;;;0000000001;;;1/416/114485;;;;;;0;;;;;;;;;;;;
307663;13.07.2021;17:31:43;12;1;114485;0000000002;117324;;71.00;-1.000;-71.00;0;416;-71.00;-71.00;000000000001;;2200000006103;-71.00;;;0000000001;;;1/416/114485;;;;;;0;;;;;;;;;;;;
307664;13.07.2021;17:31:45;11;1;114485;00006192;277;;39.00;1.000;39.00;0;416;39.00;39.00;000000000001;;2200000006226;39.00;;;0000000001;;;1/416/114485;;;;;;0;;;;;;;;;;;;
307665;13.07.2021;17:31:45;12;1;114485;0000000002;277;;39.00;-1.000;-39.00;0;416;-39.00;-39.00;000000000001;;2200000006226;-39.00;;;0000000001;;;1/416/114485;;;;;;0;;;;;;;;;;;;
307666;13.07.2021;17:33:00;11;1;114485;00006192;106884;;7.50;1.000;7.58;0;416;7.42;7.42;000000000001;;2200000004819;7.50;;;0000000001;;;1/416/114485;;;;;;0;;;;;;;;;;;;
307667;13.07.2021;17:33:00;14;1;114485;00006192;106884;;000000000002;000000000002;0.00;0;416;7.42;7.42;000000000001;;2200000004819;7.50;;;0000000001;;;1/416/114485;;;;;;;;;;;;;;;;;;
307668;13.07.2021;17:33:00;16;1;114485;00006192;106884;;;1.000;0.00;0;416;7.42;7.42;000000000001;;2200000004819;;;;0000000001;;;1/416/114485;;;;;;;;;;;;;;;;;;
307669;13.07.2021;17:33:02;11;1;114485;00006192;277;;39.00;1.000;39.42;0;416;38.58;38.58;000000000001;;2200000006226;39.00;;;0000000001;;;1/416/114485;;;;;;0;;;;;;;;;;;;
307670;13.07.2021;17:33:02;14;1;114485;00006192;277;;000000000002;000000000002;0.00;0;416;38.58;38.58;000000000001;;2200000006226;39.00;;;0000000001;;;1/416/114485;;;;;;;;;;;;;;;;;;
307671;13.07.2021;17:33:02;16;1;114485;00006192;277;;;1.000;0.00;0;416;38.58;38.58;000000000001;;2200000006226;;;;0000000001;;;1/416/114485;;;;;;;;;;;;;;;;;;
307672;13.07.2021;17:33:12;40;1;114485;00006192;;0000000001;0;50.00;50.00;0;416;;;0;;;0;;;0000000001;;;1/416/114485;;;;;;;;;;;;;;;;;;
307673;13.07.2021;17:33:12;43;1;114485;00006192;;0000000001;0;46.00;46.00;0;416;;;000000000001;;;;;;0000000001;;;14/19446/203;;;;;;;;;;;;;;;;;;
307674;13.07.2021;17:33:12;40;1;114485;00006192;;0000000001;0;-4.00;-4.00;0;416;;;;;;;;;0000000001;;;1/416/114485;;;;;;;;;;;;;;;;;;
307675;13.07.2021;17:33:12;49;1;114485;00006192;;;;;46.00;0;416;;;000000000001;;;;;;0000000001;;;14/19446/203;;;;;;;;;;;;;;;;;;
307676;13.07.2021;17:33:12;45;1;114485;00006192;;;;;46.00;0;416;;;000000000001;;;;0002699472008412;9280440301267847;0000000001;14519;0687339066;14/19446/203;;;;;;;;;;;;;;;;;;13.07.2021 17:36:00
307677;13.07.2021;17:33:12;55;1;114485;00006192;;;;2.000;46.00;0;416;;;000000000002;;;;;;0000000001;;;1/416/114485;;;;;;;;;;;;;;;;;;
307678;13.07.2021;18:13:53;42;1;114486;00006192;;;;;;0;416;;;000000000002;;;;;;0000000001;;;1/416/114486;;;;;;;;;;;;;;;;;;
307679;13.07.2021;18:13:53;11;1;114486;00006192;106884;;7.50;2.000;15.00;0;416;7.50;15.00;000000000001;;2200000004819;15.00;;;0000000001;;;1/416/114486;;;;;;0;;;;;;;;;;;;
307680;13.07.2021;18:13:53;14;1;114486;00006192;106884;;000000000002;000000000002;0.00;0;416;7.50;15.00;000000000001;;2200000004819;15.00;;;0000000001;;;1/416/114486;;;;;;;;;;;;;;;;;;
307681;13.07.2021;18:13:53;16;1;114486;00006192;106884;;;2.000;0.00;0;416;7.50;15.00;000000000001;;2200000004819;;;;0000000001;;;1/416/114486;;;;;;;;;;;;;;;;;;
307682;13.07.2021;18:13:54;11;1;114486;00006192;117968;;65.00;2.000;130.00;0;416;65.00;130.00;000000000001;;2200000006165;130.00;;;0000000001;;;1/416/114486;;;;;;0;;;;;;;;;;;;
307683;13.07.2021;18:13:54;14;1;114486;00006192;117968;;000000000002;000000000002;0.00;0;416;65.00;130.00;000000000001;;2200000006165;130.00;;;0000000001;;;1/416/114486;;;;;;;;;;;;;;;;;;
307684;13.07.2021;18:13:54;16;1;114486;00006192;117968;;;2.000;0.00;0;416;65.00;130.00;000000000001;;2200000006165;;;;0000000001;;;1/416/114486;;;;;;;;;;;;;;;;;;
307685;13.07.2021;18:14:04;41;1;114486;00006192;;0000000002;1;145.00;145.00;0;416;;;0;;;0;;;0000000001;;;1/416/114486;;;;;;;;;;;;;;;;;;
307686;13.07.2021;18:14:04;43;1;114486;00006192;;0000000002;1;145.00;145.00;0;416;;;000000000001;;;;;;0000000001;;;15/19447/203;;;;;;;;;;;;;;;;;;
307687;13.07.2021;18:14:04;49;1;114486;00006192;;;;;145.00;0;416;;;000000000001;;;;;;0000000001;;;15/19447/203;;;;;;;;;;;;;;;;;;
307688;13.07.2021;18:14:04;45;1;114486;00006192;;;;;145.00;0;416;;;000000000001;;;;0002699472008412;9280440301267847;0000000001;14520;1213242587;15/19447/203;;;;;;;;;;;;;;;;;;13.07.2021 18:17:00
307689;13.07.2021;18:14:04;55;1;114486;00006192;;;;4.000;145.00;0;416;;;000000000002;;;;;;0000000001;;;1/416/114486;;;;;;;;;;;;;;;;;;
307690;13.07.2021;18:14:14;42;1;114487;00006192;;;;;;0;416;;;000000000002;;;;;;0000000001;;;1/416/114487;;;;;;;;;;;;;;;;;;
307691;13.07.2021;18:14:14;11;1;114487;00006192;106884;;7.50;2.000;15.00;0;416;7.50;15.00;000000000001;;2200000004819;15.00;;;0000000001;;;1/416/114487;;;;;;0;;;;;;;;;;;;
307692;13.07.2021;18:14:14;14;1;114487;00006192;106884;;000000000002;000000000002;0.00;0;416;7.50;15.00;000000000001;;2200000004819;15.00;;;0000000001;;;1/416/114487;;;;;;;;;;;;;;;;;;
307693;13.07.2021;18:14:14;16;1;114487;00006192;106884;;;2.000;0.00;0;416;7.50;15.00;000000000001;;2200000004819;;;;0000000001;;;1/416/114487;;;;;;;;;;;;;;;;;;
307694;13.07.2021;18:14:14;11;1;114487;00006192;117968;;65.00;2.000;130.00;0;416;65.00;130.00;000000000001;;2200000006165;130.00;;;0000000001;;;1/416/114487;;;;;;0;;;;;;;;;;;;
307695;13.07.2021;18:14:14;14;1;114487;00006192;117968;;000000000002;000000000002;0.00;0;416;65.00;130.00;000000000001;;2200000006165;130.00;;;0000000001;;;1/416/114487;;;;;;;;;;;;;;;;;;
307696;13.07.2021;18:14:14;16;1;114487;00006192;117968;;;2.000;0.00;0;416;65.00;130.00;000000000001;;2200000006165;;;;0000000001;;;1/416/114487;;;;;;;;;;;;;;;;;;
307697;13.07.2021;18:14:19;40;1;114487;00006192;;0000000001;0;200.00;200.00;0;416;;;0;;;0;;;0000000001;;;1/416/114487;;;;;;;;;;;;;;;;;;
307698;13.07.2021;18:14:19;43;1;114487;00006192;;0000000001;0;145.00;145.00;0;416;;;000000000001;;;;;;0000000001;;;16/19448/203;;;;;;;;;;;;;;;;;;
307699;13.07.2021;18:14:19;40;1;114487;00006192;;0000000001;0;-55.00;-55.00;0;416;;;;;;;;;0000000001;;;1/416/114487;;;;;;;;;;;;;;;;;;
307700;13.07.2021;18:14:19;49;1;114487;00006192;;;;;145.00;0;416;;;000000000001;;;;;;0000000001;;;16/19448/203;;;;;;;;;;;;;;;;;;
307701;13.07.2021;18:14:19;45;1;114487;00006192;;;;;145.00;0;416;;;000000000001;;;;0002699472008412;9280440301267847;0000000001;14521;3634604071;16/19448/203;;;;;;;;;;;;;;;;;;13.07.2021 18:18:00
307702;13.07.2021;18:14:19;55;1;114487;00006192;;;;4.000;145.00;0;416;;;000000000002;;;;;;0000000001;;;1/416/114487;;;;;;;;;;;;;;;;;;
307703;13.07.2021;18:19:57;42;1;114488;00006192;;;;;;0;416;;;000000000002;;;;;;0000000001;;;1/416/114488;;;;;;;;;;;;;;;;;;
307704;13.07.2021;18:19:57;11;1;114488;00006192;106884;;7.50;1.000;7.50;0;416;7.50;7.50;000000000001;;2200000004819;7.50;;;0000000001;;;1/416/114488;;;;;;0;;;;;;;;;;;;
307705;13.07.2021;18:19:57;14;1;114488;00006192;106884;;000000000002;000000000002;0.00;0;416;7.50;7.50;000000000001;;2200000004819;7.50;;;0000000001;;;1/416/114488;;;;;;;;;;;;;;;;;;
307706;13.07.2021;18:19:57;16;1;114488;00006192;106884;;;1.000;0.00;0;416;7.50;7.50;000000000001;;2200000004819;;;;0000000001;;;1/416/114488;;;;;;;;;;;;;;;;;;
307707;13.07.2021;18:19:59;11;1;114488;00006192;118172;;125.00;1.000;125.00;0;416;99.50;99.50;000000000001;;2200000006356;125.00;;;0000000001;;;1/416/114488;;;;;;0;;;;;;;;;;;;
307708;13.07.2021;18:19:59;14;1;114488;00006192;118172;;000000000002;000000000002;0.00;0;416;99.50;99.50;000000000001;;2200000006356;125.00;;;0000000001;;;1/416/114488;;;;;;;;;;;;;;;;;;
307709;13.07.2021;18:19:59;16;1;114488;00006192;118172;;;1.000;0.00;0;416;99.50;99.50;000000000001;;2200000006356;;;;0000000001;;;1/416/114488;;;;;;;;;;;;;;;;;;
307710;13.07.2021;18:20:23;15;1;114488;00006192;;;2;25.50;25.50;0;416;7;5;000000000001;;;;;;0000000001;;;1/416/114488;;;;;;;;;;;;;;;;;;
307711;13.07.2021;18:20:06;11;1;114488;00006192;116763;;184.00;1.000;184.00;0;416;129.00;129.00;000000000001;;7930072250597;184.00;;;0000000001;;;1/416/114488;;;;;;0;;;;;;;;;;;;
307712;13.07.2021;18:20:06;14;1;114488;00006192;116763;;000000000002;000000000002;0.00;0;416;129.00;129.00;000000000001;;7930072250597;184.00;;;0000000001;;;1/416/114488;;;;;;;;;;;;;;;;;;
307713;13.07.2021;18:20:06;16;1;114488;00006192;116763;;;1.000;0.00;0;416;129.00;129.00;000000000001;;7930072250597;;;;0000000001;;;1/416/114488;;;;;;;;;;;;;;;;;;
307714;13.07.2021;18:20:23;15;1;114488;00006192;;;2;55.00;55.00;0;416;7;5;000000000001;;;;;;0000000001;;;1/416/114488;;;;;;;;;;;;;;;;;;
307715;13.07.2021;18:20:23;40;1;114488;00006192;;0000000001;0;500.00;500.00;0;416;;;0;;;0;;;0000000001;;;1/416/114488;;;;;;;;;;;;;;;;;;
307716;13.07.2021;18:20:23;43;1;114488;00006192;;0000000001;0;236.00;236.00;0;416;;;000000000001;;;;;;0000000001;;;17/19449/203;;;;;;;;;;;;;;;;;;
307717;13.07.2021;18:20:23;40;1;114488;00006192;;0000000001;0;-264.00;-264.00;0;416;;;;;;;;;0000000001;;;1/416/114488;;;;;;;;;;;;;;;;;;
307718;13.07.2021;18:20:23;49;1;114488;00006192;;;;;236.00;0;416;;;000000000001;;;;;;0000000001;;;17/19449/203;;;;;;;;;;;;;;;;;;
307719;13.07.2021;18:20:23;45;1;114488;00006192;;;;;236.00;0;416;;;000000000001;;;;0002699472008412;9280440301267847;0000000001;14522;4172934830;17/19449/203;;;;;;;;;;;;;;;;;;13.07.2021 18:24:00
307720;13.07.2021;18:20:23;55;1;114488;00006192;;;;3.000;236.00;0;416;;;000000000002;;;;;;0000000001;;;1/416/114488;;;;;;;;;;;;;;;;;;
307721;13.07.2021;18:23:53;42;1;114489;00006192;;;;;;0;416;;;000000000002;;;;;;0000000001;;;1/416/114489;;;;;;;;;;;;;;;;;;
307722;13.07.2021;18:23:53;11;1;114489;00006192;118166;;125.00;1.000;125.00;0;416;99.50;99.50;000000000001;;2200000006325;125.00;;;0000000001;;;1/416/114489;;;;;;0;;;;;;;;;;;;
307723;13.07.2021;18:23:53;14;1;114489;00006192;118166;;000000000002;000000000002;0.00;0;416;99.50;99.50;000000000001;;2200000006325;125.00;;;0000000001;;;1/416/114489;;;;;;;;;;;;;;;;;;
307724;13.07.2021;18:23:53;16;1;114489;00006192;118166;;;1.000;0.00;0;416;99.50;99.50;000000000001;;2200000006325;;;;0000000001;;;1/416/114489;;;;;;;;;;;;;;;;;;
307725;13.07.2021;18:24:06;15;1;114489;00006192;;;2;25.50;25.50;0;416;7;5;000000000001;;;;;;0000000001;;;1/416/114489;;;;;;;;;;;;;;;;;;
307726;13.07.2021;18:23:54;11;1;114489;00006192;106884;;7.50;1.000;7.50;0;416;7.50;7.50;000000000001;;2200000004819;7.50;;;0000000001;;;1/416/114489;;;;;;0;;;;;;;;;;;;
307727;13.07.2021;18:23:54;14;1;114489;00006192;106884;;000000000002;000000000002;0.00;0;416;7.50;7.50;000000000001;;2200000004819;7.50;;;0000000001;;;1/416/114489;;;;;;;;;;;;;;;;;;
307728;13.07.2021;18:23:54;16;1;114489;00006192;106884;;;1.000;0.00;0;416;7.50;7.50;000000000001;;2200000004819;;;;0000000001;;;1/416/114489;;;;;;;;;;;;;;;;;;
307729;13.07.2021;18:24:06;41;1;114489;00006192;;0000000002;1;107.00;107.00;0;416;;;0;;;0;;;0000000001;;;1/416/114489;;;;;;;;;;;;;;;;;;
307730;13.07.2021;18:24:06;43;1;114489;00006192;;0000000002;1;107.00;107.00;0;416;;;000000000001;;;;;;0000000001;;;18/19450/203;;;;;;;;;;;;;;;;;;
307731;13.07.2021;18:24:06;49;1;114489;00006192;;;;;107.00;0;416;;;000000000001;;;;;;0000000001;;;18/19450/203;;;;;;;;;;;;;;;;;;
307732;13.07.2021;18:24:06;45;1;114489;00006192;;;;;107.00;0;416;;;000000000001;;;;0002699472008412;9280440301267847;0000000001;14523;0140413201;18/19450/203;;;;;;;;;;;;;;;;;;13.07.2021 18:27:00
307733;13.07.2021;18:24:06;55;1;114489;00006192;;;;2.000;107.00;0;416;;;000000000002;;;;;;0000000001;;;1/416/114489;;;;;;;;;;;;;;;;;;
307734;13.07.2021;18:44:55;42;1;114490;00006192;;;;;;0;416;;;000000000002;;;;;;0000000001;;;1/416/114490;;;;;;;;;;;;;;;;;;
307735;13.07.2021;18:44:55;11;1;114490;00006192;116955;;59.50;1.000;59.67;0;416;59.33;59.33;000000000001;;4600721018573;59.50;;;0000000001;;;1/416/114490;;;;;;1;;;;;;;;;;;;
307736;13.07.2021;18:44:55;14;1;114490;00006192;116955;;000000000002;000000000002;0.00;0;416;59.33;59.33;000000000001;;4600721018573;59.50;;;0000000001;;;1/416/114490;;;;;;;;;;;;;;;;;;
307737;13.07.2021;18:44:55;16;1;114490;00006192;116955;;;1.000;0.00;0;416;59.33;59.33;000000000001;;4600721018573;;;;0000000001;;;1/416/114490;;;;;;;;;;;;;;;;;;
307738;13.07.2021;18:44:58;11;1;114490;00006192;101640;;129.00;1.000;129.33;0;416;118.67;118.67;000000000001;10005353;4600587015631;129.00;;;0000000001;;;1/416/114490;;;;;;1;;197400473191521120001GHZBV4RMQAAG2MOIVSGXFGJXDA2QY32OIZZFGRLAICJEMF7AFIXPM7XT7MCBPMKELXXHN4TR4T7XWT5VHILJEHNYV7KGRY3KWXE33TJITZVIDWIR2KJKBZNM2DUEKTWTY;;;;;;;;;;
307739;13.07.2021;18:44:58;14;1;114490;00006192;101640;;000000000002;000000000002;0.00;0;416;118.67;118.67;000000000001;10005353;4600587015631;129.00;;;0000000001;;;1/416/114490;;;;;;;;;;;;;;;;;;
307740;13.07.2021;18:44:58;16;1;114490;00006192;101640;;;1.000;0.00;0;416;118.67;118.67;000000000001;10005353;4600587015631;;;;0000000001;;;1/416/114490;;;;;;;;197400473191521120001GHZBV4RMQAAG2MOIVSGXFGJXDA2QY32OIZZFGRLAICJEMF7AFIXPM7XT7MCBPMKELXXHN4TR4T7XWT5VHILJEHNYV7KGRY3KWXE33TJITZVIDWIR2KJKBZNM2DUEKTWTY;;;;;;;;;;
307741;13.07.2021;18:45:07;15;1;114490;00006192;;;2;10.00;10.00;0;416;7;5;000000000001;;;;;;0000000001;;;1/416/114490;;;;;;;;;;;;;;;;;;
307742;13.07.2021;18:45:07;41;1;114490;00006192;;0000000002;1;178.00;178.00;0;416;;;0;;;0;;;0000000001;;;1/416/114490;;;;;;;;;;;;;;;;;;
307743;13.07.2021;18:45:07;43;1;114490;00006192;;0000000002;1;178.00;178.00;0;416;;;000000000001;;;;;;0000000001;;;19/19451/203;;;;;;;;;;;;;;;;;;
307744;13.07.2021;18:45:07;120;1;114490;00006192;;;0.00;;0.00;0;416;;;000000000001;;;;;;0000000001;;;1/416/114490;;;;;;;;;;;;;;;;;;
307745;13.07.2021;18:45:07;49;1;114490;00006192;;;;;178.00;0;416;;;000000000001;;;;;;0000000001;;;19/19451/203;;;;;;;;;;;;;;;;;;
307746;13.07.2021;18:45:07;45;1;114490;00006192;;;;;178.00;0;416;;;000000000001;;;;0002699472008412;9280440301267847;0000000001;14524;3410493924;19/19451/203;;;;;;;;;;;;;;;;;;13.07.2021 18:48:00
307747;13.07.2021;18:45:07;55;1;114490;00006192;;;;2.000;178.00;0;416;;;000000000002;;;;;;0000000001;;;1/416/114490;;;;;;;;;;;;;;;;;;
307748;13.07.2021;18:45:14;42;1;114491;00006192;;;;;;0;416;;;000000000002;;;;;;0000000001;;;1/416/114491;;;;;;;;;;;;;;;;;;
307749;13.07.2021;18:45:16;11;1;114491;00006192;117801;;615.00;1.000;615.45;0;416;488.55;488.55;000000000001;;4850019411054;615.00;;;0000000001;;;1/416/114491;;;;;;1;;203300782572761018001CAAECJ24IK772TYOK2375BKPVICYUWFZ3VRKT4VRQLMCRSAZ5RVBZ22BGWDZXXPSF4NCYOPY2YBKTU7DIOIY4YDM5NFAWLKKZ2ZOGFX7ZR4OGM3JG5ON3DDBNKN4BUA5Y;;;;;;;;;;
307750;13.07.2021;18:45:16;14;1;114491;00006192;117801;;000000000002;000000000002;0.00;0;416;488.55;488.55;000000000001;;4850019411054;615.00;;;0000000001;;;1/416/114491;;;;;;;;;;;;;;;;;;
307751;13.07.2021;18:45:16;16;1;114491;00006192;117801;;;1.000;0.00;0;416;488.55;488.55;000000000001;;4850019411054;;;;0000000001;;;1/416/114491;;;;;;;;203300782572761018001CAAECJ24IK772TYOK2375BKPVICYUWFZ3VRKT4VRQLMCRSAZ5RVBZ22BGWDZXXPSF4NCYOPY2YBKTU7DIOIY4YDM5NFAWLKKZ2ZOGFX7ZR4OGM3JG5ON3DDBNKN4BUA5Y;;;;;;;;;;
307752;13.07.2021;18:45:28;15;1;114491;00006192;;;2;126.00;126.00;0;416;7;5;000000000001;;;;;;0000000001;;;1/416/114491;;;;;;;;;;;;;;;;;;
307753;13.07.2021;18:45:17;11;1;114491;00006192;106825;;59.50;1.000;59.55;0;416;53.45;53.45;000000000001;;5449000228970;59.50;;;0000000001;;;1/416/114491;;;;;;0;;;;;;;;;;;;
307754;13.07.2021;18:45:17;14;1;114491;00006192;106825;;000000000002;000000000002;0.00;0;416;53.45;53.45;000000000001;;5449000228970;59.50;;;0000000001;;;1/416/114491;;;;;;;;;;;;;;;;;;
307755;13.07.2021;18:45:17;16;1;114491;00006192;106825;;;1.000;0.00;0;416;53.45;53.45;000000000001;;5449000228970;;;;0000000001;;;1/416/114491;;;;;;;;;;;;;;;;;;
307756;13.07.2021;18:45:28;15;1;114491;00006192;;;2;6.00;6.00;0;416;7;5;000000000001;;;;;;0000000001;;;1/416/114491;;;;;;;;;;;;;;;;;;
307757;13.07.2021;18:45:28;41;1;114491;00006192;;0000000002;1;542.00;542.00;0;416;;;0;;;0;;;0000000001;;;1/416/114491;;;;;;;;;;;;;;;;;;
307758;13.07.2021;18:45:28;43;1;114491;00006192;;0000000002;1;542.00;542.00;0;416;;;000000000001;;;;;;0000000001;;;20/19453/203;;;;;;;;;;;;;;;;;;
307759;13.07.2021;18:45:28;120;1;114491;00006192;;;0.00;;0.00;0;416;;;000000000001;;;;;;0000000001;;;1/416/114491;;;;;;;;;;;;;;;;;;
307760;13.07.2021;18:45:28;49;1;114491;00006192;;;;;542.00;0;416;;;000000000001;;;;;;0000000001;;;20/19453/203;;;;;;;;;;;;;;;;;;
307761;13.07.2021;18:45:28;45;1;114491;00006192;;;;;542.00;0;416;;;000000000001;;;;0002699472008412;9280440301267847;0000000001;14525;0040204431;20/19453/203;;;;;;;;;;;;;;;;;;13.07.2021 18:49:00
307762;13.07.2021;18:45:28;55;1;114491;00006192;;;;2.000;542.00;0;416;;;000000000002;;;;;;0000000001;;;1/416/114491;;;;;;;;;;;;;;;;;;
307763;13.07.2021;18:45:36;42;1;114492;00006192;;;;;;0;416;;;000000000002;;;;;;0000000001;;;1/416/114492;;;;;;;;;;;;;;;;;;
307764;13.07.2021;18:45:39;11;1;114492;00006192;117960;;138.00;1.000;138.00;0;416;138.00;138.00;000000000002;;46198532;138.00;;;0000000001;;;1/416/114492;;;;;;4;00000046198532X8P-z,vACMogBV8;;;;;;;;;;;
307765;13.07.2021;18:45:39;14;1;114492;00006192;117960;;000000000002;000000000002;0.00;0;416;138.00;138.00;000000000002;;46198532;138.00;;;0000000001;;;1/416/114492;;;;;;;;;;;;;;;;;;
307766;13.07.2021;18:45:39;16;1;114492;00006192;117960;;;1.000;0.00;0;416;138.00;138.00;000000000002;;46198532;;;;0000000001;;;1/416/114492;;;;;;;00000046198532X8P-z,vACMogBV8;;;;;;;;;;;
307767;13.07.2021;18:45:42;11;1;114492;00006192;117960;;138.00;1.000;138.00;0;416;138.00;138.00;000000000002;;46198532;138.00;;;0000000001;;;1/416/114492;;;;;;4;00000046198532Z==Sdi_ACMoCS+A;;;;;;;;;;;
307768;13.07.2021;18:45:42;14;1;114492;00006192;117960;;000000000002;000000000002;0.00;0;416;138.00;138.00;000000000002;;46198532;138.00;;;0000000001;;;1/416/114492;;;;;;;;;;;;;;;;;;
307769;13.07.2021;18:45:42;16;1;114492;00006192;117960;;;1.000;0.00;0;416;138.00;138.00;000000000002;;46198532;;;;0000000001;;;1/416/114492;;;;;;;00000046198532Z==Sdi_ACMoCS+A;;;;;;;;;;;
307770;13.07.2021;18:45:52;41;1;114492;00006192;;0000000002;1;276.00;276.00;0;416;;;0;;;0;;;0000000001;;;1/416/114492;;;;;;;;;;;;;;;;;;
307771;13.07.2021;18:45:52;43;1;114492;00006192;;0000000002;1;276.00;276.00;0;416;;;000000000002;;;;;;0000000001;;;2/6834/427;;;;;;;;;;;;;;;;;;
307772;13.07.2021;18:45:52;49;1;114492;00006192;;;;;276.00;0;416;;;000000000002;;;;;;0000000001;;;2/6834/427;;;;;;;;;;;;;;;;;;
307773;13.07.2021;18:45:52;45;1;114492;00006192;;;;;276.00;0;416;;;000000000002;;;;0004848306027616;9280440300913275;0000000001;6835;4195704331;2/6834/427;;;;;;;;;;;;;;;;;;13.07.2021 18:47:00
307774;13.07.2021;18:45:52;55;1;114492;00006192;;;;2.000;276.00;0;416;;;000000000002;;;;;;0000000001;;;1/416/114492;;;;;;;;;;;;;;;;;;
307775;13.07.2021;18:47:44;42;1;114493;00006192;;;;;;0;416;;;000000000002;;;;;;0000000001;;;1/416/114493;;;;;;;;;;;;;;;;;;
307776;13.07.2021;18:47:47;11;1;114493;00006192;109631;;1355.00;1.000;1355.00;0;416;948.00;948.00;000000000001;;1210000100979;1355.00;;;0000000001;;;1/416/114493;;;;;;1;;204300144969661018001IZXL74AAY6ETDCGPTRN5VSQ46U4PZHAKIIYC4YKCURKQFRMPWSNSD5T7NU2EMERDVQIJKZOS4ELXSXCKS77LZLVZICTLIKNZDQT4MDFYZ3YPNM6PVMWMAKSK3IUDB2IFA;;;;;;;;;;
307777;13.07.2021;18:47:47;14;1;114493;00006192;109631;;000000000002;000000000002;0.00;0;416;948.00;948.00;000000000001;;1210000100979;1355.00;;;0000000001;;;1/416/114493;;;;;;;;;;;;;;;;;;
307778;13.07.2021;18:47:47;16;1;114493;00006192;109631;;;1.000;0.00;0;416;948.00;948.00;000000000001;;1210000100979;;;;0000000001;;;1/416/114493;;;;;;;;204300144969661018001IZXL74AAY6ETDCGPTRN5VSQ46U4PZHAKIIYC4YKCURKQFRMPWSNSD5T7NU2EMERDVQIJKZOS4ELXSXCKS77LZLVZICTLIKNZDQT4MDFYZ3YPNM6PVMWMAKSK3IUDB2IFA;;;;;;;;;;
307779;13.07.2021;18:47:55;15;1;114493;00006192;;;2;407.00;407.00;0;416;7;5;000000000001;;;;;;0000000001;;;1/416/114493;;;;;;;;;;;;;;;;;;
307780;13.07.2021;18:47:55;41;1;114493;00006192;;0000000002;1;948.00;948.00;0;416;;;0;;;0;;;0000000001;;;1/416/114493;;;;;;;;;;;;;;;;;;
307781;13.07.2021;18:47:55;43;1;114493;00006192;;0000000002;1;948.00;948.00;0;416;;;000000000001;;;;;;0000000001;;;21/19455/203;;;;;;;;;;;;;;;;;;
307782;13.07.2021;18:47:55;120;1;114493;00006192;;;0.00;;0.00;0;416;;;000000000001;;;;;;0000000001;;;1/416/114493;;;;;;;;;;;;;;;;;;
307783;13.07.2021;18:47:55;49;1;114493;00006192;;;;;948.00;0;416;;;000000000001;;;;;;0000000001;;;21/19455/203;;;;;;;;;;;;;;;;;;
307784;13.07.2021;18:47:55;45;1;114493;00006192;;;;;948.00;0;416;;;000000000001;;;;0002699472008412;9280440301267847;0000000001;14526;3353081456;21/19455/203;;;;;;;;;;;;;;;;;;13.07.2021 18:51:00
307785;13.07.2021;18:47:55;55;1;114493;00006192;;;;1.000;948.00;0;416;;;000000000002;;;;;;0000000001;;;1/416/114493;;;;;;;;;;;;;;;;;;
307786;13.07.2021;19:49:07;42;1;114494;00006192;;;;;;0;416;;;000000000002;;;;;;0000000001;;;1/416/114494;;;;;;;;;;;;;;;;;;
307787;13.07.2021;19:49:07;11;1;114494;00006192;102508;;10.00;1.000;10.00;0;416;10.00;10.00;000000000001;;2200000002297;10.00;;;0000000001;;;1/416/114494;;;;;;0;;;;;;;;;;;;
307788;13.07.2021;19:49:07;14;1;114494;00006192;102508;;000000000002;000000000002;0.00;0;416;10.00;10.00;000000000001;;2200000002297;10.00;;;0000000001;;;1/416/114494;;;;;;;;;;;;;;;;;;
307789;13.07.2021;19:49:07;16;1;114494;00006192;102508;;;1.000;0.00;0;416;10.00;10.00;000000000001;;2200000002297;;;;0000000001;;;1/416/114494;;;;;;;;;;;;;;;;;;
307790;13.07.2021;19:49:10;11;1;114494;00006192;104330;;49.00;1.000;49.00;0;416;49.00;49.00;000000000001;;4607012351951;49.00;;;0000000001;;;1/416/114494;;;;;;0;;;;;;;;;;;;
307791;13.07.2021;19:49:10;14;1;114494;00006192;104330;;000000000001;000000000001;0.00;0;416;49.00;49.00;000000000001;;4607012351951;49.00;;;0000000001;;;1/416/114494;;;;;;;;;;;;;;;;;;
307792;13.07.2021;19:49:10;16;1;114494;00006192;104330;;;1.000;0.00;0;416;49.00;49.00;000000000001;;4607012351951;;;;0000000001;;;1/416/114494;;;;;;;;;;;;;;;;;;
307793;13.07.2021;19:49:15;11;1;114494;00006192;106884;;7.50;3.000;22.50;0;416;7.50;22.50;000000000001;;2200000004819;22.50;;;0000000001;;;1/416/114494;;;;;;0;;;;;;;;;;;;
307794;13.07.2021;19:49:15;14;1;114494;00006192;106884;;000000000002;000000000002;0.00;0;416;7.50;22.50;000000000001;;2200000004819;22.50;;;0000000001;;;1/416/114494;;;;;;;;;;;;;;;;;;
307795;13.07.2021;19:49:15;16;1;114494;00006192;106884;;;3.000;0.00;0;416;7.50;22.50;000000000001;;2200000004819;;;;0000000001;;;1/416/114494;;;;;;;;;;;;;;;;;;
307796;13.07.2021;19:49:18;11;1;114494;00006192;118166;;125.00;3.000;375.00;0;416;99.50;298.50;000000000001;;2200000006325;375.00;;;0000000001;;;1/416/114494;;;;;;0;;;;;;;;;;;;
307797;13.07.2021;19:49:18;14;1;114494;00006192;118166;;000000000002;000000000002;0.00;0;416;99.50;298.50;000000000001;;2200000006325;375.00;;;0000000001;;;1/416/114494;;;;;;;;;;;;;;;;;;
307798;13.07.2021;19:49:18;16;1;114494;00006192;118166;;;3.000;0.00;0;416;99.50;298.50;000000000001;;2200000006325;;;;0000000001;;;1/416/114494;;;;;;;;;;;;;;;;;;
307799;13.07.2021;19:51:48;15;1;114494;00006192;;;2;76.50;76.50;0;416;7;5;000000000001;;;;;;0000000001;;;1/416/114494;;;;;;;;;;;;;;;;;;
307800;13.07.2021;19:51:48;41;1;114494;00006192;;0000000002;1;380.00;380.00;0;416;;;0;;;0;;;0000000001;;;1/416/114494;;;;;;;;;;;;;;;;;;
307802;13.07.2021;19:51:48;49;1;114494;00006192;;;;;380.00;0;416;;;000000000001;;;;;;0000000001;;;22/19457/203;;;;;;;;;;;;;;;;;;
307803;13.07.2021;19:51:48;45;1;114494;00006192;;;;;380.00;0;416;;;000000000001;;;;0002699472008412;9280440301267847;0000000001;14527;2316129504;22/19457/203;;;;;;;;;;;;;;;;;;13.07.2021 19:55:00
307804;13.07.2021;19:51:48;55;1;114494;00006192;;;;8.000;380.00;0;416;;;000000000002;;;;;;0000000001;;;1/416/114494;;;;;;;;;;;;;;;;;;
307805;13.07.2021;19:52:55;42;1;114495;00006192;;;;;;0;416;;;000000000002;;;;;;0000000001;;;1/416/114495;;;;;;;;;;;;;;;;;;
307806;13.07.2021;19:52:55;11;1;114495;00006192;106884;;7.50;1.000;7.55;0;416;7.45;7.45;000000000001;;2200000004819;7.50;;;0000000001;;;1/416/114495;;;;;;0;;;;;;;;;;;;
307807;13.07.2021;19:52:55;14;1;114495;00006192;106884;;000000000002;000000000002;0.00;0;416;7.45;7.45;000000000001;;2200000004819;7.50;;;0000000001;;;1/416/114495;;;;;;;;;;;;;;;;;;
307808;13.07.2021;19:52:55;16;1;114495;00006192;106884;;;1.000;0.00;0;416;7.45;7.45;000000000001;;2200000004819;;;;0000000001;;;1/416/114495;;;;;;;;;;;;;;;;;;
307809;13.07.2021;19:52:56;11;1;114495;00006192;117324;;71.00;1.000;71.45;0;416;70.55;70.55;000000000001;;2200000006103;71.00;;;0000000001;;;1/416/114495;;;;;;0;;;;;;;;;;;;
307810;13.07.2021;19:52:56;14;1;114495;00006192;117324;;000000000002;000000000002;0.00;0;416;70.55;70.55;000000000001;;2200000006103;71.00;;;0000000001;;;1/416/114495;;;;;;;;;;;;;;;;;;
307811;13.07.2021;19:52:56;16;1;114495;00006192;117324;;;1.000;0.00;0;416;70.55;70.55;000000000001;;2200000006103;;;;0000000001;;;1/416/114495;;;;;;;;;;;;;;;;;;
307812;13.07.2021;19:53:30;40;1;114495;00006192;;0000000001;0;1000.00;1000.00;0;416;;;0;;;0;;;0000000001;;;1/416/114495;;;;;;;;;;;;;;;;;;
307813;13.07.2021;19:53:30;43;1;114495;00006192;;0000000001;0;78.00;78.00;0;416;;;000000000001;;;;;;0000000001;;;23/19458/203;;;;;;;;;;;;;;;;;;
307814;13.07.2021;19:53:30;40;1;114495;00006192;;0000000001;0;-922.00;-922.00;0;416;;;;;;;;;0000000001;;;1/416/114495;;;;;;;;;;;;;;;;;;
307815;13.07.2021;19:53:30;49;1;114495;00006192;;;;;78.00;0;416;;;000000000001;;;;;;0000000001;;;23/19458/203;;;;;;;;;;;;;;;;;;
307816;13.07.2021;19:53:30;45;1;114495;00006192;;;;;78.00;0;416;;;000000000001;;;;0002699472008412;9280440301267847;0000000001;14528;2969718425;23/19458/203;;;;;;;;;;;;;;;;;;13.07.2021 19:57:00
307817;13.07.2021;19:53:30;55;1;114495;00006192;;;;2.000;78.00;0;416;;;000000000002;;;;;;0000000001;;;1/416/114495;;;;;;;;;;;;;;;;;;
307818;13.07.2021;19:53:37;42;1;114496;00006192;;;;;;0;416;;;000000000002;;;;;;0000000001;;;1/416/114496;;;;;;;;;;;;;;;;;;
307819;13.07.2021;19:53:37;11;1;114496;00006192;116826;;86.50;1.000;86.76;0;416;86.24;86.24;000000000001;;3080216049076;86.50;;;0000000001;;;1/416/114496;;;;;;1;;;;;;;;;;;;
307820;13.07.2021;19:53:37;14;1;114496;00006192;116826;;000000000002;000000000002;0.00;0;416;86.24;86.24;000000000001;;3080216049076;86.50;;;0000000001;;;1/416/114496;;;;;;;;;;;;;;;;;;
307821;13.07.2021;19:53:37;16;1;114496;00006192;116826;;;1.000;0.00;0;416;86.24;86.24;000000000001;;3080216049076;;;;0000000001;;;1/416/114496;;;;;;;;;;;;;;;;;;
307822;13.07.2021;19:53:39;11;1;114496;00006192;109667;;58.90;1.000;59.04;0;416;48.76;48.76;000000000001;;4680036912162;58.90;;;0000000001;;;1/416/114496;;;;;;1;;;;;;;;;;;;
307823;13.07.2021;19:53:39;14;1;114496;00006192;109667;;000000000002;000000000002;0.00;0;416;48.76;48.76;000000000001;;4680036912162;58.90;;;0000000001;;;1/416/114496;;;;;;;;;;;;;;;;;;
307824;13.07.2021;19:53:39;16;1;114496;00006192;109667;;;1.000;0.00;0;416;48.76;48.76;000000000001;;4680036912162;;;;0000000001;;;1/416/114496;;;;;;;;;;;;;;;;;;
307825;13.07.2021;19:54:00;15;1;114496;00006192;;;2;10.00;10.00;0;416;7;5;000000000001;;;;;;0000000001;;;1/416/114496;;;;;;;;;;;;;;;;;;
307826;13.07.2021;19:54:00;40;1;114496;00006192;;0000000001;0;200.00;200.00;0;416;;;0;;;0;;;0000000001;;;1/416/114496;;;;;;;;;;;;;;;;;;
307827;13.07.2021;19:54:00;43;1;114496;00006192;;0000000001;0;135.00;135.00;0;416;;;000000000001;;;;;;0000000001;;;24/19459/203;;;;;;;;;;;;;;;;;;
307828;13.07.2021;19:54:00;40;1;114496;00006192;;0000000001;0;-65.00;-65.00;0;416;;;;;;;;;0000000001;;;1/416/114496;;;;;;;;;;;;;;;;;;
307829;13.07.2021;19:54:00;49;1;114496;00006192;;;;;135.00;0;416;;;000000000001;;;;;;0000000001;;;24/19459/203;;;;;;;;;;;;;;;;;;
307830;13.07.2021;19:54:00;45;1;114496;00006192;;;;;135.00;0;416;;;000000000001;;;;0002699472008412;9280440301267847;0000000001;14529;1415795142;24/19459/203;;;;;;;;;;;;;;;;;;13.07.2021 19:57:00
307831;13.07.2021;19:54:00;55;1;114496;00006192;;;;2.000;135.00;0;416;;;000000000002;;;;;;0000000001;;;1/416/114496;;;;;;;;;;;;;;;;;;
307832;13.07.2021;19:55:39;42;1;114497;00006192;;;;;;0;416;;;000000000002;;;;;;0000000001;;;1/416/114497;;;;;;;;;;;;;;;;;;
307833;13.07.2021;19:55:39;11;1;114497;00006192;117143;;68.50;2.000;137.80;0;416;57.50;115.00;000000000001;;4605664012589;137.00;;;0000000001;;;1/416/114497;;;;;;1;;;;;;;;;;;;
307834;13.07.2021;19:55:39;14;1;114497;00006192;117143;;000000000002;000000000002;0.00;0;416;57.50;115.00;000000000001;;4605664012589;137.00;;;0000000001;;;1/416/114497;;;;;;;;;;;;;;;;;;
307835;13.07.2021;19:55:39;16;1;114497;00006192;117143;;;2.000;0.00;0;416;57.50;115.00;000000000001;;4605664012589;;;;0000000001;;;1/416/114497;;;;;;;;;;;;;;;;;;
307836;13.07.2021;19:55:48;15;1;114497;00006192;;;2;21.20;21.20;0;416;7;5;000000000001;;;;;;0000000001;;;1/416/114497;;;;;;;;;;;;;;;;;;
307837;13.07.2021;19:55:48;41;1;114497;00006192;;0000000002;1;115.00;115.00;0;416;;;0;;;0;;;0000000001;;;1/416/114497;;;;;;;;;;;;;;;;;;
307838;13.07.2021;19:55:48;43;1;114497;00006192;;0000000002;1;115.00;115.00;0;416;;;000000000001;;;;;;0000000001;;;25/19460/203;;;;;;;;;;;;;;;;;;
307839;13.07.2021;19:55:48;49;1;114497;00006192;;;;;115.00;0;416;;;000000000001;;;;;;0000000001;;;25/19460/203;;;;;;;;;;;;;;;;;;
307840;13.07.2021;19:55:48;45;1;114497;00006192;;;;;115.00;0;416;;;000000000001;;;;0002699472008412;9280440301267847;0000000001;14530;1241477069;25/19460/203;;;;;;;;;;;;;;;;;;13.07.2021 19:59:00
307841;13.07.2021;19:55:48;55;1;114497;00006192;;;;2.000;115.00;0;416;;;000000000002;;;;;;0000000001;;;1/416/114497;;;;;;;;;;;;;;;;;;
307842;13.07.2021;19:55:55;42;1;114498;00006192;;;;;;0;416;;;000000000002;;;;;;0000000001;;;1/416/114498;;;;;;;;;;;;;;;;;;
307843;13.07.2021;19:55:55;11;1;114498;00006192;105738;;47.90;1.000;47.90;0;416;44.50;44.50;000000000001;;4605622008852;47.90;;;0000000001;;;1/416/114498;;;;;;1;;;;;;;;;;;;
307844;13.07.2021;19:55:55;14;1;114498;00006192;105738;;000000000002;000000000002;0.00;0;416;44.50;44.50;000000000001;;4605622008852;47.90;;;0000000001;;;1/416/114498;;;;;;;;;;;;;;;;;;
307845;13.07.2021;19:55:55;16;1;114498;00006192;105738;;;1.000;0.00;0;416;44.50;44.50;000000000001;;4605622008852;;;;0000000001;;;1/416/114498;;;;;;;;;;;;;;;;;;
307846;13.07.2021;19:56:11;15;1;114498;00006192;;;2;3.40;3.40;0;416;7;5;000000000001;;;;;;0000000001;;;1/416/114498;;;;;;;;;;;;;;;;;;
307847;13.07.2021;19:56:00;11;1;114498;00006192;116826;;86.50;1.000;86.50;0;416;86.50;86.50;000000000001;;3080216049076;86.50;;;0000000001;;;1/416/114498;;;;;;1;;;;;;;;;;;;
307848;13.07.2021;19:56:00;14;1;114498;00006192;116826;;000000000002;000000000002;0.00;0;416;86.50;86.50;000000000001;;3080216049076;86.50;;;0000000001;;;1/416/114498;;;;;;;;;;;;;;;;;;
307849;13.07.2021;19:56:00;16;1;114498;00006192;116826;;;1.000;0.00;0;416;86.50;86.50;000000000001;;3080216049076;;;;0000000001;;;1/416/114498;;;;;;;;;;;;;;;;;;
307850;13.07.2021;19:56:11;41;1;114498;00006192;;0000000002;1;131.00;131.00;0;416;;;0;;;0;;;0000000001;;;1/416/114498;;;;;;;;;;;;;;;;;;
307851;13.07.2021;19:56:11;43;1;114498;00006192;;0000000002;1;131.00;131.00;0;416;;;000000000001;;;;;;0000000001;;;26/19461/203;;;;;;;;;;;;;;;;;;
307852;13.07.2021;19:56:11;49;1;114498;00006192;;;;;131.00;0;416;;;000000000001;;;;;;0000000001;;;26/19461/203;;;;;;;;;;;;;;;;;;
307853;13.07.2021;19:56:11;45;1;114498;00006192;;;;;131.00;0;416;;;000000000001;;;;0002699472008412;9280440301267847;0000000001;14531;1937086111;26/19461/203;;;;;;;;;;;;;;;;;;13.07.2021 19:59:00
307854;13.07.2021;19:56:11;55;1;114498;00006192;;;;2.000;131.00;0;416;;;000000000002;;;;;;0000000001;;;1/416/114498;;;;;;;;;;;;;;;;;;
307855;13.07.2021;20:04:30;42;1;114499;00006192;;;;;;0;416;;;000000000002;;;;;;0000000001;;;1/416/114499;;;;;;;;;;;;;;;;;;
307856;13.07.2021;20:04:30;11;1;114499;00006192;106884;;7.50;1.000;7.55;0;416;7.45;7.45;000000000001;;2200000004819;7.50;;;0000000001;;;1/416/114499;;;;;;0;;;;;;;;;;;;
307857;13.07.2021;20:04:30;14;1;114499;00006192;106884;;000000000002;000000000002;0.00;0;416;7.45;7.45;000000000001;;2200000004819;7.50;;;0000000001;;;1/416/114499;;;;;;;;;;;;;;;;;;
307858;13.07.2021;20:04:30;16;1;114499;00006192;106884;;;1.000;0.00;0;416;7.45;7.45;000000000001;;2200000004819;;;;0000000001;;;1/416/114499;;;;;;;;;;;;;;;;;;
307859;13.07.2021;20:04:31;11;1;114499;00006192;117322;;75.00;1.000;75.45;0;416;74.55;74.55;000000000001;;2200000006066;75.00;;;0000000001;;;1/416/114499;;;;;;0;;;;;;;;;;;;
307860;13.07.2021;20:04:31;14;1;114499;00006192;117322;;000000000002;000000000002;0.00;0;416;74.55;74.55;000000000001;;2200000006066;75.00;;;0000000001;;;1/416/114499;;;;;;;;;;;;;;;;;;
307861;13.07.2021;20:04:31;16;1;114499;00006192;117322;;;1.000;0.00;0;416;74.55;74.55;000000000001;;2200000006066;;;;0000000001;;;1/416/114499;;;;;;;;;;;;;;;;;;
307862;13.07.2021;20:04:44;41;1;114499;00006192;;0000000002;1;82.00;82.00;0;416;;;0;;;0;;;0000000001;;;1/416/114499;;;;;;;;;;;;;;;;;;
307863;13.07.2021;20:04:44;43;1;114499;00006192;;0000000002;1;82.00;82.00;0;416;;;000000000001;;;;;;0000000001;;;27/19462/203;;;;;;;;;;;;;;;;;;
307864;13.07.2021;20:04:44;49;1;114499;00006192;;;;;82.00;0;416;;;000000000001;;;;;;0000000001;;;27/19462/203;;;;;;;;;;;;;;;;;;
307865;13.07.2021;20:04:44;45;1;114499;00006192;;;;;82.00;0;416;;;000000000001;;;;0002699472008412;9280440301267847;0000000001;14532;2090635828;27/19462/203;;;;;;;;;;;;;;;;;;13.07.2021 20:08:00
307866;13.07.2021;20:04:44;55;1;114499;00006192;;;;2.000;82.00;0;416;;;000000000002;;;;;;0000000001;;;1/416/114499;;;;;;;;;;;;;;;;;;
307867;13.07.2021;20:10:19;42;1;114500;00006192;;;;;;0;416;;;000000000002;;;;;;0000000001;;;1/416/114500;;;;;;;;;;;;;;;;;;
307868;13.07.2021;20:10:19;11;1;114500;00006192;103147;;90.00;1.000;90.00;0;416;90.00;90.00;000000000001;;2200000002389;90.00;;;0000000001;;;1/416/114500;;;;;;0;;;;;;;;;;;;
307869;13.07.2021;20:10:19;14;1;114500;00006192;103147;;000000000002;000000000002;0.00;0;416;90.00;90.00;000000000001;;2200000002389;90.00;;;0000000001;;;1/416/114500;;;;;;;;;;;;;;;;;;
307870;13.07.2021;20:10:19;16;1;114500;00006192;103147;;;1.000;0.00;0;416;90.00;90.00;000000000001;;2200000002389;;;;0000000001;;;1/416/114500;;;;;;;;;;;;;;;;;;
307871;13.07.2021;20:10:41;40;1;114500;00006192;;0000000001;0;100.00;100.00;0;416;;;0;;;0;;;0000000001;;;1/416/114500;;;;;;;;;;;;;;;;;;
307872;13.07.2021;20:10:41;43;1;114500;00006192;;0000000001;0;90.00;90.00;0;416;;;000000000001;;;;;;0000000001;;;28/19463/203;;;;;;;;;;;;;;;;;;
307873;13.07.2021;20:10:41;40;1;114500;00006192;;0000000001;0;-10.00;-10.00;0;416;;;;;;;;;0000000001;;;1/416/114500;;;;;;;;;;;;;;;;;;
307874;13.07.2021;20:10:41;49;1;114500;00006192;;;;;90.00;0;416;;;000000000001;;;;;;0000000001;;;28/19463/203;;;;;;;;;;;;;;;;;;
307875;13.07.2021;20:10:41;45;1;114500;00006192;;;;;90.00;0;416;;;000000000001;;;;0002699472008412;9280440301267847;0000000001;14533;1456312956;28/19463/203;;;;;;;;;;;;;;;;;;13.07.2021 20:14:00
307876;13.07.2021;20:10:41;55;1;114500;00006192;;;;1.000;90.00;0;416;;;000000000002;;;;;;0000000001;;;1/416/114500;;;;;;;;;;;;;;;;;;
307877;13.07.2021;20:20:32;42;1;114501;00006192;;;;;;0;416;;;000000000002;;;;;;0000000001;;;1/416/114501;;;;;;;;;;;;;;;;;;
307878;13.07.2021;20:20:32;11;1;114501;00006192;106884;;7.50;1.000;7.58;0;416;7.42;7.42;000000000001;;2200000004819;7.50;;;0000000001;;;1/416/114501;;;;;;0;;;;;;;;;;;;
307879;13.07.2021;20:20:32;14;1;114501;00006192;106884;;000000000002;000000000002;0.00;0;416;7.42;7.42;000000000001;;2200000004819;7.50;;;0000000001;;;1/416/114501;;;;;;;;;;;;;;;;;;
307880;13.07.2021;20:20:32;16;1;114501;00006192;106884;;;1.000;0.00;0;416;7.42;7.42;000000000001;;2200000004819;;;;0000000001;;;1/416/114501;;;;;;;;;;;;;;;;;;
307881;13.07.2021;20:20:34;11;1;114501;00006192;277;;39.00;1.000;39.42;0;416;38.58;38.58;000000000001;;2200000006226;39.00;;;0000000001;;;1/416/114501;;;;;;0;;;;;;;;;;;;
307882;13.07.2021;20:20:34;14;1;114501;00006192;277;;000000000002;000000000002;0.00;0;416;38.58;38.58;000000000001;;2200000006226;39.00;;;0000000001;;;1/416/114501;;;;;;;;;;;;;;;;;;
307883;13.07.2021;20:20:34;16;1;114501;00006192;277;;;1.000;0.00;0;416;38.58;38.58;000000000001;;2200000006226;;;;0000000001;;;1/416/114501;;;;;;;;;;;;;;;;;;
307884;13.07.2021;20:20:43;40;1;114501;00006192;;0000000001;0;100.00;100.00;0;416;;;0;;;0;;;0000000001;;;1/416/114501;;;;;;;;;;;;;;;;;;
307885;13.07.2021;20:20:43;43;1;114501;00006192;;0000000001;0;46.00;46.00;0;416;;;000000000001;;;;;;0000000001;;;29/19464/203;;;;;;;;;;;;;;;;;;
307886;13.07.2021;20:20:43;40;1;114501;00006192;;0000000001;0;-54.00;-54.00;0;416;;;;;;;;;0000000001;;;1/416/114501;;;;;;;;;;;;;;;;;;
307887;13.07.2021;20:20:43;49;1;114501;00006192;;;;;46.00;0;416;;;000000000001;;;;;;0000000001;;;29/19464/203;;;;;;;;;;;;;;;;;;
307888;13.07.2021;20:20:43;45;1;114501;00006192;;;;;46.00;0;416;;;000000000001;;;;0002699472008412;9280440301267847;0000000001;14534;3102941158;29/19464/203;;;;;;;;;;;;;;;;;;13.07.2021 20:24:00
307889;13.07.2021;20:20:43;55;1;114501;00006192;;;;2.000;46.00;0;416;;;000000000002;;;;;;0000000001;;;1/416/114501;;;;;;;;;;;;;;;;;;
307890;13.07.2021;20:21:13;42;1;114502;00006192;;;;;;0;416;;;000000000002;;;;;;0000000001;;;1/416/114502;;;;;;;;;;;;;;;;;;
307891;13.07.2021;20:21:13;11;1;114502;00006192;209;;100.00;1.000;100.00;0;416;100.00;100.00;000000000001;;2200000003454;100.00;;;0000000001;;;1/416/114502;;;;;;0;;;;;;;;;;;;
307892;13.07.2021;20:21:13;14;1;114502;00006192;209;;000000000002;000000000002;0.00;0;416;100.00;100.00;000000000001;;2200000003454;100.00;;;0000000001;;;1/416/114502;;;;;;;;;;;;;;;;;;
307893;13.07.2021;20:21:13;16;1;114502;00006192;209;;;1.000;0.00;0;416;100.00;100.00;000000000001;;2200000003454;;;;0000000001;;;1/416/114502;;;;;;;;;;;;;;;;;;
307894;13.07.2021;20:21:35;40;1;114502;00006192;;0000000001;0;100.00;100.00;0;416;;;0;;;0;;;0000000001;;;1/416/114502;;;;;;;;;;;;;;;;;;
307895;13.07.2021;20:21:35;43;1;114502;00006192;;0000000001;0;100.00;100.00;0;416;;;000000000001;;;;;;0000000001;;;30/19465/203;;;;;;;;;;;;;;;;;;
307896;13.07.2021;20:21:35;49;1;114502;00006192;;;;;100.00;0;416;;;000000000001;;;;;;0000000001;;;30/19465/203;;;;;;;;;;;;;;;;;;
307897;13.07.2021;20:21:35;45;1;114502;00006192;;;;;100.00;0;416;;;000000000001;;;;0002699472008412;9280440301267847;0000000001;14535;1367313179;30/19465/203;;;;;;;;;;;;;;;;;;13.07.2021 20:25:00
307898;13.07.2021;20:21:35;55;1;114502;00006192;;;;1.000;100.00;0;416;;;000000000002;;;;;;0000000001;;;1/416/114502;;;;;;;;;;;;;;;;;;
307899;13.07.2021;20:26:18;42;1;114503;00006192;;;;;;0;416;;;000000000002;;;;;;0000000001;;;1/416/114503;;;;;;;;;;;;;;;;;;
307900;13.07.2021;20:26:18;11;1;114503;00006192;106884;;7.50;3.000;22.55;0;416;7.48;22.45;000000000001;;2200000004819;22.50;;;0000000001;;;1/416/114503;;;;;;0;;;;;;;;;;;;
307901;13.07.2021;20:26:18;14;1;114503;00006192;106884;;000000000002;000000000002;0.00;0;416;7.48;22.45;000000000001;;2200000004819;22.50;;;0000000001;;;1/416/114503;;;;;;;;;;;;;;;;;;
307902;13.07.2021;20:26:18;16;1;114503;00006192;106884;;;1.000;0.00;0;416;7.49;7.49;000000000001;;2200000004819;;;;0000000001;;;1/416/114503;;;;;;;;;;;;;;;;;;
307903;13.07.2021;20:26:18;16;1;114503;00006192;106884;;;2.000;0.00;0;416;7.48;14.96;000000000001;;2200000004819;;;;0000000001;;;1/416/114503;;;;;;;;;;;;;;;;;;
307904;13.07.2021;20:26:19;11;1;114503;00006192;117968;;65.00;3.000;195.45;0;416;64.85;194.55;000000000001;;2200000006165;195.00;;;0000000001;;;1/416/114503;;;;;;0;;;;;;;;;;;;
307905;13.07.2021;20:26:19;14;1;114503;00006192;117968;;000000000002;000000000002;0.00;0;416;64.85;194.55;000000000001;;2200000006165;195.00;;;0000000001;;;1/416/114503;;;;;;;;;;;;;;;;;;
307906;13.07.2021;20:26:19;16;1;114503;00006192;117968;;;3.000;0.00;0;416;64.85;194.55;000000000001;;2200000006165;;;;0000000001;;;1/416/114503;;;;;;;;;;;;;;;;;;
307907;13.07.2021;20:26:31;41;1;114503;00006192;;0000000002;1;217.00;217.00;0;416;;;0;;;0;;;0000000001;;;1/416/114503;;;;;;;;;;;;;;;;;;
307908;13.07.2021;20:26:31;43;1;114503;00006192;;0000000002;1;217.00;217.00;0;416;;;000000000001;;;;;;0000000001;;;31/19466/203;;;;;;;;;;;;;;;;;;
307909;13.07.2021;20:26:31;49;1;114503;00006192;;;;;217.00;0;416;;;000000000001;;;;;;0000000001;;;31/19466/203;;;;;;;;;;;;;;;;;;
307910;13.07.2021;20:26:31;45;1;114503;00006192;;;;;217.00;0;416;;;000000000001;;;;0002699472008412;9280440301267847;0000000001;14536;0152842606;31/19466/203;;;;;;;;;;;;;;;;;;13.07.2021 20:30:00
307911;13.07.2021;20:26:31;55;1;114503;00006192;;;;6.000;217.00;0;416;;;000000000002;;;;;;0000000001;;;1/416/114503;;;;;;;;;;;;;;;;;;
307912;13.07.2021;20:45:30;42;1;114504;00006192;;;;;;0;416;;;000000000002;;;;;;0000000001;;;1/416/114504;;;;;;;;;;;;;;;;;;
307913;13.07.2021;20:45:30;11;1;114504;00006192;106884;;7.50;1.000;7.55;0;416;7.45;7.45;000000000001;;2200000004819;7.50;;;0000000001;;;1/416/114504;;;;;;0;;;;;;;;;;;;
307914;13.07.2021;20:45:30;14;1;114504;00006192;106884;;000000000002;000000000002;0.00;0;416;7.45;7.45;000000000001;;2200000004819;7.50;;;0000000001;;;1/416/114504;;;;;;;;;;;;;;;;;;
307915;13.07.2021;20:45:30;16;1;114504;00006192;106884;;;1.000;0.00;0;416;7.45;7.45;000000000001;;2200000004819;;;;0000000001;;;1/416/114504;;;;;;;;;;;;;;;;;;
307916;13.07.2021;20:45:31;11;1;114504;00006192;117324;;71.00;1.000;71.45;0;416;70.55;70.55;000000000001;;2200000006103;71.00;;;0000000001;;;1/416/114504;;;;;;0;;;;;;;;;;;;
307917;13.07.2021;20:45:31;14;1;114504;00006192;117324;;000000000002;000000000002;0.00;0;416;70.55;70.55;000000000001;;2200000006103;71.00;;;0000000001;;;1/416/114504;;;;;;;;;;;;;;;;;;
307918;13.07.2021;20:45:31;16;1;114504;00006192;117324;;;1.000;0.00;0;416;70.55;70.55;000000000001;;2200000006103;;;;0000000001;;;1/416/114504;;;;;;;;;;;;;;;;;;
307919;13.07.2021;20:45:47;41;1;114504;00006192;;0000000002;1;78.00;78.00;0;416;;;0;;;0;;;0000000001;;;1/416/114504;;;;;;;;;;;;;;;;;;
307920;13.07.2021;20:45:47;43;1;114504;00006192;;0000000002;1;78.00;78.00;0;416;;;000000000001;;;;;;0000000001;;;32/19467/203;;;;;;;;;;;;;;;;;;
307921;13.07.2021;20:45:47;49;1;114504;00006192;;;;;78.00;0;416;;;000000000001;;;;;;0000000001;;;32/19467/203;;;;;;;;;;;;;;;;;;
307922;13.07.2021;20:45:47;45;1;114504;00006192;;;;;78.00;0;416;;;000000000001;;;;0002699472008412;9280440301267847;0000000001;14537;2559747222;32/19467/203;;;;;;;;;;;;;;;;;;13.07.2021 20:49:00
307923;13.07.2021;20:45:47;55;1;114504;00006192;;;;2.000;78.00;0;416;;;000000000002;;;;;;0000000001;;;1/416/114504;;;;;;;;;;;;;;;;;;
307924;13.07.2021;21:34:18;42;1;114505;00006192;;;;;;0;416;;;000000000002;;;;;;0000000001;;;1/416/114505;;;;;;;;;;;;;;;;;;
307925;13.07.2021;21:34:18;11;1;114505;00006192;117968;;65.00;1.000;65.45;0;416;64.55;64.55;000000000001;;2200000006165;65.00;;;0000000001;;;1/416/114505;;;;;;0;;;;;;;;;;;;
307926;13.07.2021;21:34:18;14;1;114505;00006192;117968;;000000000002;000000000002;0.00;0;416;64.55;64.55;000000000001;;2200000006165;65.00;;;0000000001;;;1/416/114505;;;;;;;;;;;;;;;;;;
307927;13.07.2021;21:34:18;16;1;114505;00006192;117968;;;1.000;0.00;0;416;64.55;64.55;000000000001;;2200000006165;;;;0000000001;;;1/416/114505;;;;;;;;;;;;;;;;;;
307928;13.07.2021;21:34:24;11;1;114505;00006192;106884;;7.50;1.000;7.55;0;416;7.45;7.45;000000000001;;2200000004819;7.50;;;0000000001;;;1/416/114505;;;;;;0;;;;;;;;;;;;
307929;13.07.2021;21:34:24;14;1;114505;00006192;106884;;000000000002;000000000002;0.00;0;416;7.45;7.45;000000000001;;2200000004819;7.50;;;0000000001;;;1/416/114505;;;;;;;;;;;;;;;;;;
307930;13.07.2021;21:34:24;16;1;114505;00006192;106884;;;1.000;0.00;0;416;7.45;7.45;000000000001;;2200000004819;;;;0000000001;;;1/416/114505;;;;;;;;;;;;;;;;;;
307931;13.07.2021;21:35:53;41;1;114505;00006192;;0000000002;1;72.00;72.00;0;416;;;0;;;0;;;0000000001;;;1/416/114505;;;;;;;;;;;;;;;;;;
307932;13.07.2021;21:35:53;43;1;114505;00006192;;0000000002;1;72.00;72.00;0;416;;;000000000001;;;;;;0000000001;;;33/19468/203;;;;;;;;;;;;;;;;;;
307933;13.07.2021;21:35:53;49;1;114505;00006192;;;;;72.00;0;416;;;000000000001;;;;;;0000000001;;;33/19468/203;;;;;;;;;;;;;;;;;;
307934;13.07.2021;21:35:53;45;1;114505;00006192;;;;;72.00;0;416;;;000000000001;;;;0002699472008412;9280440301267847;0000000001;14538;0790789335;33/19468/203;;;;;;;;;;;;;;;;;;13.07.2021 21:39:00
307935;13.07.2021;21:35:53;55;1;114505;00006192;;;;2.000;72.00;0;416;;;000000000002;;;;;;0000000001;;;1/416/114505;;;;;;;;;;;;;;;;;;
307936;13.07.2021;21:37:16;42;1;114506;00006192;;;;;;0;416;;;000000000002;;;;;;0000000001;;;1/416/114506;;;;;;;;;;;;;;;;;;
307937;13.07.2021;21:37:16;11;1;114506;00006192;117968;;65.00;1.000;65.45;0;416;64.55;64.55;000000000001;;2200000006165;65.00;;;0000000001;;;1/416/114506;;;;;;0;;;;;;;;;;;;
307938;13.07.2021;21:37:16;14;1;114506;00006192;117968;;000000000002;000000000002;0.00;0;416;64.55;64.55;000000000001;;2200000006165;65.00;;;0000000001;;;1/416/114506;;;;;;;;;;;;;;;;;;
307939;13.07.2021;21:37:16;16;1;114506;00006192;117968;;;1.000;0.00;0;416;64.55;64.55;000000000001;;2200000006165;;;;0000000001;;;1/416/114506;;;;;;;;;;;;;;;;;;
307940;13.07.2021;21:37:22;11;1;114506;00006192;106884;;7.50;1.000;7.55;0;416;7.45;7.45;000000000001;;2200000004819;7.50;;;0000000001;;;1/416/114506;;;;;;0;;;;;;;;;;;;
307941;13.07.2021;21:37:22;14;1;114506;00006192;106884;;000000000002;000000000002;0.00;0;416;7.45;7.45;000000000001;;2200000004819;7.50;;;0000000001;;;1/416/114506;;;;;;;;;;;;;;;;;;
307942;13.07.2021;21:37:22;16;1;114506;00006192;106884;;;1.000;0.00;0;416;7.45;7.45;000000000001;;2200000004819;;;;0000000001;;;1/416/114506;;;;;;;;;;;;;;;;;;
307943;13.07.2021;21:37:28;40;1;114506;00006192;;0000000001;0;100.00;100.00;0;416;;;0;;;0;;;0000000001;;;1/416/114506;;;;;;;;;;;;;;;;;;
307944;13.07.2021;21:37:28;43;1;114506;00006192;;0000000001;0;72.00;72.00;0;416;;;000000000001;;;;;;0000000001;;;34/19469/203;;;;;;;;;;;;;;;;;;
307945;13.07.2021;21:37:28;40;1;114506;00006192;;0000000001;0;-28.00;-28.00;0;416;;;;;;;;;0000000001;;;1/416/114506;;;;;;;;;;;;;;;;;;
307946;13.07.2021;21:37:28;49;1;114506;00006192;;;;;72.00;0;416;;;000000000001;;;;;;0000000001;;;34/19469/203;;;;;;;;;;;;;;;;;;
307947;13.07.2021;21:37:28;45;1;114506;00006192;;;;;72.00;0;416;;;000000000001;;;;0002699472008412;9280440301267847;0000000001;14539;1261143012;34/19469/203;;;;;;;;;;;;;;;;;;13.07.2021 21:41:00
307948;13.07.2021;21:37:28;55;1;114506;00006192;;;;2.000;72.00;0;416;;;000000000002;;;;;;0000000001;;;1/416/114506;;;;;;;;;;;;;;;;;;
307949;13.07.2021;21:42:35;60;1;114507;00001231;;;5579.00;1757.00;0.00;9;416;;;000000000001;;;;;;;;;35/19471/203;;;;;;;;;;;;;;;;;;
307950;13.07.2021;21:42:37;60;1;114508;00001231;;;0.00;481583.72;0.00;9;416;;;000000000002;;;;;;;;;3/6835/427;;;;;;;;;;;;;;;;;;
307951;13.07.2021;21:42:41;63;1;114509;00001231;;;5579.00;1757.00;0.00;9;416;;;000000000001;;;;;;;;;1/19472/203;;;;;;;;;;;;;;;;;;
307952;13.07.2021;21:42:44;63;1;114510;00001231;;;0.00;481583.72;0.00;9;416;;;000000000002;;;;;;;;;3/6836/427;;;;;;;;;;;;;;;;;;
307953;13.07.2021;21:42:55;61;1;114512;00001231;;;6165.00;;6941.30;10;416;;;0;;;;;;;;;;;;;;;;;;;;;;;;;;;